2020_05_06_lrc_ovr_linear_iter=11000_alpha_init=0.0001_classifer_dict_pickle_2.file,11000,0.0001,2,0.2127659574468085,0.060888348859187244
2020_05_06_lrc_ovr_linear_iter=15000_alpha_init=1e-05_classifer_dict_pickle_5.file,15000,1e-05,5,0.10638297872340426,-0.045274027005559964
2020_05_06_lrc_ovr_linear_iter=11000_alpha_init=0.0001_classifer_dict_pickle_3.file,11000,0.0001,3,0.13829787234042554,-0.009011396766498796
2020_05_06_lrc_ovr_linear_iter=15000_alpha_init=0.001_classifer_dict_pickle_9.file,15000,0.001,9,0.2765957446808511,0.131167595487291
2020_05_06_lrc_ovr_linear_iter=11000_alpha_init=0.0001_classifer_dict_pickle_4.file,11000,0.0001,4,0.10638297872340426,-0.03730951129795062
2020_05_06_lrc_ovr_linear_iter=15000_alpha_init=0.01_classifer_dict_pickle_0.file,15000,0.01,0,0.30851063829787234,0.1739894551845343
2020_05_06_lrc_ovr_linear_iter=11000_alpha_init=0.0001_classifer_dict_pickle_5.file,11000,0.0001,5,0.2553191489361702,0.14031878756205904
2020_05_06_lrc_ovr_linear_iter=11000_alpha_init=0.0001_classifer_dict_pickle_6.file,11000,0.0001,6,0.11702127659574468,-0.02739004477218858
2020_05_06_lrc_ovr_linear_iter=15000_alpha_init=0.01_classifer_dict_pickle_1.file,15000,0.01,1,0.35106382978723405,0.23607780442312817
2020_05_06_lrc_ovr_linear_iter=11000_alpha_init=0.0001_classifer_dict_pickle_7.file,11000,0.0001,7,0.09574468085106383,-0.06632857333511276
2020_05_06_lrc_ovr_linear_iter=15000_alpha_init=0.01_classifer_dict_pickle_2.file,15000,0.01,2,0.30851063829787234,0.1790944511621658
2020_05_06_lrc_ovr_linear_iter=11000_alpha_init=0.1_classifer_dict_pickle_5.file,11000,0.1,5,0.2765957446808511,0.1472785485592316
2020_05_06_lrc_ovr_linear_iter=15000_alpha_init=0.01_classifer_dict_pickle_3.file,15000,0.01,3,0.30851063829787234,0.18206157965194106