2020_05_07_lrc_ovr_linear_iter=1000_alpha_init=1000_classifer_dict_pickle_0.file,1000,1000,0,0.26595744680851063,0.11610793131643499
2020_05_07_lrc_ovr_linear_iter=1000_alpha_init=10_classifer_dict_pickle_0.file,1000,10,0,0.2765957446808511,0.13446174678402167
2020_05_07_lrc_ovr_linear_iter=1000_alpha_init=1000_classifer_dict_pickle_1.file,1000,1000,1,0.2872340425531915,0.14707475622968583
2020_05_07_lrc_ovr_linear_iter=1000_alpha_init=10_classifer_dict_pickle_1.file,1000,10,1,0.2765957446808511,0.14339319217368
2020_05_07_lrc_ovr_linear_iter=3000_alpha_init=100_classifer_dict_pickle_0.file,3000,100,0,0.32978723404255317,0.1949429037520391
2020_05_07_lrc_ovr_linear_iter=1000_alpha_init=1000_classifer_dict_pickle_2.file,1000,1000,2,0.3617021276595745,0.23937963587322997
2020_05_07_lrc_ovr_linear_iter=1000_alpha_init=10_classifer_dict_pickle_2.file,1000,10,2,0.2872340425531915,0.1542903182489593
2020_05_07_lrc_ovr_linear_iter=5000_alpha_init=1000_classifer_dict_pickle_0.file,5000,1000,0,0.3723404255319149,0.2352454495311638
2020_05_07_lrc_ovr_linear_iter=1000_alpha_init=1000_classifer_dict_pickle_3.file,1000,1000,3,0.2978723404255319,0.1590077267181781
2020_05_07_lrc_ovr_linear_iter=1000_alpha_init=10_classifer_dict_pickle_3.file,1000,10,3,0.24468085106382978,0.11344314558979808
2020_05_07_lrc_ovr_linear_iter=1000_alpha_init=1000_classifer_dict_pickle_4.file,1000,1000,4,0.2872340425531915,0.15041143936328077
2020_05_07_lrc_ovr_linear_iter=1000_alpha_init=10_classifer_dict_pickle_4.file,1000,10,4,0.2978723404255319,0.1690329493704795
2020_05_07_lrc_ovr_linear_iter=5000_alpha_init=10_classifer_dict_pickle_0.file,5000,10,0,0.30851063829787234,0.16938553561718322
2020_05_07_lrc_ovr_linear_iter=3000_alpha_init=100_classifer_dict_pickle_1.file,3000,100,1,0.32978723404255317,0.1902092164638315
2020_05_07_lrc_ovr_linear_iter=1000_alpha_init=1000_classifer_dict_pickle_5.file,1000,1000,5,0.3404255319148936,0.21455525606469
2020_05_07_lrc_ovr_linear_iter=1000_alpha_init=10_classifer_dict_pickle_5.file,1000,10,5,0.20212765957446807,0.05127169963665721
2020_05_07_lrc_ovr_linear_iter=7000_alpha_init=100_classifer_dict_pickle_0.file,7000,100,0,0.30851063829787234,0.16025288620120948
2020_05_07_lrc_ovr_linear_iter=1000_alpha_init=1000_classifer_dict_pickle_6.file,1000,1000,6,0.30851063829787234,0.17975567190226874
2020_05_07_lrc_ovr_linear_iter=1000_alpha_init=10_classifer_dict_pickle_6.file,1000,10,6,0.30851063829787234,0.17343073593073594
2020_05_07_lrc_ovr_linear_iter=1000_alpha_init=1000_classifer_dict_pickle_7.file,1000,1000,7,0.2872340425531915,0.14487440597420234
2020_05_07_lrc_ovr_linear_iter=5000_alpha_init=1000_classifer_dict_pickle_1.file,5000,1000,1,0.2978723404255319,0.14745087261234027
2020_05_07_lrc_ovr_linear_iter=1000_alpha_init=10_classifer_dict_pickle_7.file,1000,10,7,0.26595744680851063,0.12505058680696074
2020_05_07_lrc_ovr_linear_iter=9000_alpha_init=100_classifer_dict_pickle_4.file,9000,100,4,0.3404255319148936,0.191117279666898
2020_05_07_lrc_ovr_linear_iter=9000_alpha_init=1e-05_classifer_dict_pickle_4.file,9000,1e-05,4,0.18085106382978725,0.04423610194110658
2020_05_07_lrc_ovr_linear_iter=3000_alpha_init=100_classifer_dict_pickle_2.file,3000,100,2,0.2978723404255319,0.16173490068909605
2020_05_07_lrc_ovr_linear_iter=1000_alpha_init=1000_classifer_dict_pickle_8.file,1000,1000,8,0.3191489361702128,0.18338536717795575
2020_05_07_lrc_ovr_linear_iter=1000_alpha_init=10_classifer_dict_pickle_8.file,1000,10,8,0.26595744680851063,0.1310289389067524
2020_05_07_lrc_ovr_linear_iter=1000_alpha_init=1000_classifer_dict_pickle_9.file,1000,1000,9,0.30851063829787234,0.1724231342272789
2020_05_07_lrc_ovr_linear_iter=1000_alpha_init=10_classifer_dict_pickle_9.file,1000,10,9,0.2553191489361702,0.12616201859229745
2020_05_07_lrc_ovr_linear_iter=5000_alpha_init=10_classifer_dict_pickle_1.file,5000,10,1,0.32978723404255317,0.19821283509341994
2020_05_07_lrc_ovr_linear_iter=11000_alpha_init=1e-05_classifer_dict_pickle_4.file,11000,1e-05,4,0.1276595744680851,-0.023638778220451562
2020_05_07_lrc_ovr_linear_iter=11000_alpha_init=1000_classifer_dict_pickle_2.file,11000,1000,2,0.3723404255319149,0.23524544953116377
2020_05_07_lrc_ovr_linear_iter=1000_alpha_init=100_classifer_dict_pickle_0.file,1000,100,0,0.3191489361702128,0.18116237920239558
2020_05_07_lrc_ovr_linear_iter=11000_alpha_init=10_classifer_dict_pickle_2.file,11000,10,2,0.2553191489361702,0.1173708920187793
2020_05_07_lrc_ovr_linear_iter=3000_alpha_init=100_classifer_dict_pickle_3.file,3000,100,3,0.3617021276595745,0.23129344418699746
2020_05_07_lrc_ovr_linear_iter=5000_alpha_init=1000_classifer_dict_pickle_2.file,5000,1000,2,0.2872340425531915,0.14125988546495777
2020_05_07_lrc_ovr_linear_iter=1000_alpha_init=100_classifer_dict_pickle_1.file,1000,100,1,0.3404255319148936,0.20534496863921461
2020_05_07_lrc_ovr_linear_iter=13000_alpha_init=1000_classifer_dict_pickle_9.file,13000,1000,9,0.3617021276595745,0.21753607103218647
2020_05_07_lrc_ovr_linear_iter=13000_alpha_init=0.01_classifer_dict_pickle_9.file,13000,0.01,9,0.32978723404255317,0.19734345351043642
2020_05_07_lrc_ovr_linear_iter=3000_alpha_init=10_classifer_dict_pickle_0.file,3000,10,0,0.3191489361702128,0.191071668683609
2020_05_07_lrc_ovr_linear_iter=1000_alpha_init=100_classifer_dict_pickle_2.file,1000,100,2,0.3191489361702128,0.19194089993284086
2020_05_07_lrc_ovr_linear_iter=13000_alpha_init=10_classifer_dict_pickle_9.file,13000,10,9,0.30851063829787234,0.1689336235038085
2020_05_07_lrc_ovr_linear_iter=7000_alpha_init=100_classifer_dict_pickle_1.file,7000,100,1,0.26595744680851063,0.11586695747001088
2020_05_07_lrc_ovr_linear_iter=15000_alpha_init=10_classifer_dict_pickle_4.file,15000,10,4,0.2872340425531915,0.15212708669897687
2020_05_07_lrc_ovr_linear_iter=1000_alpha_init=100_classifer_dict_pickle_3.file,1000,100,3,0.3723404255319149,0.24687669744703963
2020_05_07_lrc_ovr_linear_iter=3000_alpha_init=100_classifer_dict_pickle_4.file,3000,100,4,0.2872340425531915,0.14394454261247797
2020_05_07_lrc_ovr_linear_iter=1000_alpha_init=100_classifer_dict_pickle_4.file,1000,100,4,0.30851063829787234,0.17975567190226877
2020_05_07_lrc_ovr_linear_iter=5000_alpha_init=10_classifer_dict_pickle_2.file,5000,10,2,0.2978723404255319,0.15866558177379986
2020_05_07_lrc_ovr_linear_iter=3000_alpha_init=10_classifer_dict_pickle_1.file,3000,10,1,0.30851063829787234,0.1751046307546915
2020_05_07_lrc_ovr_linear_iter=1000_alpha_init=100_classifer_dict_pickle_5.file,1000,100,5,0.2765957446808511,0.14166778568551097
2020_05_07_lrc_ovr_linear_iter=5000_alpha_init=1000_classifer_dict_pickle_3.file,5000,1000,3,0.2765957446808511,0.12534209085933226
2020_05_07_lrc_ovr_linear_iter=1000_alpha_init=100_classifer_dict_pickle_6.file,1000,100,6,0.3723404255319149,0.2544696867858583
2020_05_07_lrc_ovr_linear_iter=9000_alpha_init=100_classifer_dict_pickle_5.file,9000,100,5,0.30851063829787234,0.16438730853391684
2020_05_07_lrc_ovr_linear_iter=9000_alpha_init=1e-05_classifer_dict_pickle_5.file,9000,1e-05,5,0.1595744680851064,0.023408732246186247
2020_05_07_lrc_ovr_linear_iter=3000_alpha_init=100_classifer_dict_pickle_5.file,3000,100,5,0.32978723404255317,0.1984298863021115
2020_05_07_lrc_ovr_linear_iter=1000_alpha_init=100_classifer_dict_pickle_7.file,1000,100,7,0.32978723404255317,0.1927480916030534
2020_05_07_lrc_ovr_linear_iter=1000_alpha_init=100_classifer_dict_pickle_8.file,1000,100,8,0.30851063829787234,0.18162335922850256
2020_05_07_lrc_ovr_linear_iter=3000_alpha_init=10_classifer_dict_pickle_2.file,3000,10,2,0.2553191489361702,0.11843515541264736
2020_05_07_lrc_ovr_linear_iter=1000_alpha_init=100_classifer_dict_pickle_9.file,1000,100,9,0.3191489361702128,0.191071668683609
2020_05_07_lrc_ovr_linear_iter=7000_alpha_init=100_classifer_dict_pickle_2.file,7000,100,2,0.32978723404255317,0.18943334245825347
2020_05_07_lrc_ovr_linear_iter=5000_alpha_init=10_classifer_dict_pickle_3.file,5000,10,3,0.2553191489361702,0.12523265089072055
2020_05_07_lrc_ovr_linear_iter=3000_alpha_init=100_classifer_dict_pickle_6.file,3000,100,6,0.3404255319148936,0.20750611911884687
2020_05_07_lrc_ovr_linear_iter=11000_alpha_init=1e-05_classifer_dict_pickle_5.file,11000,1e-05,5,0.20212765957446807,0.05672999732405669
2020_05_07_lrc_ovr_linear_iter=5000_alpha_init=1000_classifer_dict_pickle_4.file,5000,1000,4,0.2978723404255319,0.14932126696832576
2020_05_07_lrc_ovr_linear_iter=11000_alpha_init=1000_classifer_dict_pickle_3.file,11000,1000,3,0.3191489361702128,0.17328569465439056
2020_05_07_lrc_ovr_linear_iter=11000_alpha_init=10_classifer_dict_pickle_3.file,11000,10,3,0.2872340425531915,0.15655551091469136
2020_05_07_lrc_ovr_linear_iter=3000_alpha_init=10_classifer_dict_pickle_3.file,3000,10,3,0.30851063829787234,0.17488183659689396
2020_05_07_lrc_ovr_linear_iter=3000_alpha_init=100_classifer_dict_pickle_7.file,3000,100,7,0.2872340425531915,0.15121293800539082
2020_05_07_lrc_ovr_linear_iter=3000_alpha_init=10_classifer_dict_pickle_4.file,3000,10,4,0.26595744680851063,0.128928283642224
2020_05_07_lrc_ovr_linear_iter=13000_alpha_init=1_classifer_dict_pickle_0.file,13000,1,0,0.35106382978723405,0.23116116921426658
2020_05_07_lrc_ovr_linear_iter=5000_alpha_init=10_classifer_dict_pickle_4.file,5000,10,4,0.2872340425531915,0.15052603183166982
2020_05_07_lrc_ovr_linear_iter=13000_alpha_init=100_classifer_dict_pickle_0.file,13000,100,0,0.2978723404255319,0.1588937093275488
2020_05_07_lrc_ovr_linear_iter=9000_alpha_init=100_classifer_dict_pickle_6.file,9000,100,6,0.2978723404255319,0.1452190686139432
2020_05_07_lrc_ovr_linear_iter=5000_alpha_init=1000_classifer_dict_pickle_5.file,5000,1000,5,0.3723404255319149,0.23860516199890167
2020_05_07_lrc_ovr_linear_iter=9000_alpha_init=1e-05_classifer_dict_pickle_6.file,9000,1e-05,6,0.1595744680851064,0.0347068763811257
2020_05_07_lrc_ovr_linear_iter=3000_alpha_init=100_classifer_dict_pickle_8.file,3000,100,8,0.2765957446808511,0.14453961456102785
2020_05_07_lrc_ovr_linear_iter=15000_alpha_init=1e-05_classifer_dict_pickle_0.file,15000,1e-05,0,0.22340425531914893,0.0876213269512033
2020_05_07_lrc_ovr_linear_iter=7000_alpha_init=100_classifer_dict_pickle_3.file,7000,100,3,0.2978723404255319,0.14978758393860486
2020_05_07_lrc_ovr_linear_iter=3000_alpha_init=10_classifer_dict_pickle_5.file,3000,10,5,0.26595744680851063,0.13137806347930894
2020_05_07_lrc_ovr_linear_iter=15000_alpha_init=10_classifer_dict_pickle_5.file,15000,10,5,0.3404255319148936,0.20208105147864183
2020_05_07_lrc_ovr_linear_iter=3000_alpha_init=100_classifer_dict_pickle_9.file,3000,100,9,0.3617021276595745,0.2384553065082366
2020_05_07_lrc_ovr_linear_iter=5000_alpha_init=10_classifer_dict_pickle_5.file,5000,10,5,0.2553191489361702,0.11428186835374879
2020_05_07_lrc_ovr_linear_iter=5000_alpha_init=1000_classifer_dict_pickle_6.file,5000,1000,6,0.2765957446808511,0.12028626479493529
2020_05_07_lrc_ovr_linear_iter=3000_alpha_init=10_classifer_dict_pickle_6.file,3000,10,6,0.24468085106382978,0.09443690637720485
2020_05_07_lrc_ovr_linear_iter=11000_alpha_init=1e-05_classifer_dict_pickle_6.file,11000,1e-05,6,0.1595744680851064,0.018503832936822617
2020_05_07_lrc_ovr_linear_iter=11000_alpha_init=1000_classifer_dict_pickle_4.file,11000,1000,4,0.32978723404255317,0.18832236842105263
2020_05_07_lrc_ovr_linear_iter=3000_alpha_init=1000_classifer_dict_pickle_0.file,3000,1000,0,0.30851063829787234,0.15886563876651982
2020_05_07_lrc_ovr_linear_iter=11000_alpha_init=10_classifer_dict_pickle_4.file,11000,10,4,0.32978723404255317,0.200270087778528
2020_05_07_lrc_ovr_linear_iter=7000_alpha_init=100_classifer_dict_pickle_4.file,7000,100,4,0.2978723404255319,0.15153172866520784
2020_05_07_lrc_ovr_linear_iter=3000_alpha_init=10_classifer_dict_pickle_7.file,3000,10,7,0.26595744680851063,0.12422360248447203
2020_05_07_lrc_ovr_linear_iter=9000_alpha_init=100_classifer_dict_pickle_7.file,9000,100,7,0.35106382978723405,0.22208655541988873
2020_05_07_lrc_ovr_linear_iter=5000_alpha_init=10_classifer_dict_pickle_6.file,5000,10,6,0.23404255319148937,0.08897563602099878
2020_05_07_lrc_ovr_linear_iter=9000_alpha_init=1e-05_classifer_dict_pickle_7.file,9000,1e-05,7,0.1595744680851064,0.010130631831511614
2020_05_07_lrc_ovr_linear_iter=3000_alpha_init=1000_classifer_dict_pickle_1.file,3000,1000,1,0.3191489361702128,0.18581675463526867
2020_05_07_lrc_ovr_linear_iter=5000_alpha_init=1000_classifer_dict_pickle_7.file,5000,1000,7,0.3191489361702128,0.16825660168671366
2020_05_07_lrc_ovr_linear_iter=3000_alpha_init=10_classifer_dict_pickle_8.file,3000,10,8,0.2872340425531915,0.15258342303552208
2020_05_07_lrc_ovr_linear_iter=13000_alpha_init=1_classifer_dict_pickle_1.file,13000,1,1,0.4148936170212766,0.29983748645720476
2020_05_07_lrc_ovr_linear_iter=3000_alpha_init=1000_classifer_dict_pickle_2.file,3000,1000,2,0.2872340425531915,0.14429347826086958
2020_05_07_lrc_ovr_linear_iter=13000_alpha_init=100_classifer_dict_pickle_1.file,13000,100,1,0.3404255319148936,0.1986800494981438
2020_05_07_lrc_ovr_linear_iter=3000_alpha_init=10_classifer_dict_pickle_9.file,3000,10,9,0.26595744680851063,0.1256403343219196
2020_05_07_lrc_ovr_linear_iter=5000_alpha_init=10_classifer_dict_pickle_7.file,5000,10,7,0.2872340425531915,0.1461496746203905
2020_05_07_lrc_ovr_linear_iter=5000_alpha_init=1000_classifer_dict_pickle_8.file,5000,1000,8,0.2765957446808511,0.13175767454496062
2020_05_07_lrc_ovr_linear_iter=7000_alpha_init=100_classifer_dict_pickle_5.file,7000,100,5,0.24468085106382978,0.09627623561272848
2020_05_07_lrc_ovr_linear_iter=15000_alpha_init=1e-05_classifer_dict_pickle_1.file,15000,1e-05,1,0.1702127659574468,0.04194433555468441
2020_05_07_lrc_ovr_linear_iter=3000_alpha_init=1000_classifer_dict_pickle_3.file,3000,1000,3,0.30851063829787234,0.17186229330441855
2020_05_07_lrc_ovr_linear_iter=11000_alpha_init=1e-05_classifer_dict_pickle_7.file,11000,1e-05,7,0.1702127659574468,0.022008803521408545
2020_05_07_lrc_ovr_linear_iter=15000_alpha_init=10_classifer_dict_pickle_6.file,15000,10,6,0.2872340425531915,0.148343475321163
2020_05_07_lrc_ovr_linear_iter=11000_alpha_init=1000_classifer_dict_pickle_5.file,11000,1000,5,0.3191489361702128,0.1687163189166782
2020_05_07_lrc_ovr_linear_iter=9000_alpha_init=100_classifer_dict_pickle_8.file,9000,100,8,0.35106382978723405,0.2131192534650748
2020_05_07_lrc_ovr_linear_iter=11000_alpha_init=10_classifer_dict_pickle_5.file,11000,10,5,0.3404255319148936,0.21019108280254778
2020_05_07_lrc_ovr_linear_iter=3000_alpha_init=1000_classifer_dict_pickle_4.file,3000,1000,4,0.2978723404255319,0.1547683923705722
2020_05_07_lrc_ovr_linear_iter=9000_alpha_init=1e-05_classifer_dict_pickle_8.file,9000,1e-05,8,0.1595744680851064,0.023922187171398542
2020_05_07_lrc_ovr_linear_iter=5000_alpha_init=1000_classifer_dict_pickle_9.file,5000,1000,9,0.2978723404255319,0.15442278860569714
2020_05_07_lrc_ovr_linear_iter=5000_alpha_init=10_classifer_dict_pickle_8.file,5000,10,8,0.2978723404255319,0.15280622695616547
2020_05_07_lrc_ovr_linear_iter=3000_alpha_init=1000_classifer_dict_pickle_5.file,3000,1000,5,0.3617021276595745,0.23566878980891723
2020_05_07_lrc_ovr_linear_iter=7000_alpha_init=100_classifer_dict_pickle_6.file,7000,100,6,0.30851063829787234,0.16734805124011995
2020_05_07_lrc_ovr_linear_iter=3000_alpha_init=1000_classifer_dict_pickle_6.file,3000,1000,6,0.26595744680851063,0.12066160520607375
2020_05_07_lrc_ovr_linear_iter=5000_alpha_init=10_classifer_dict_pickle_9.file,5000,10,9,0.2978723404255319,0.14285714285714285
2020_05_07_lrc_ovr_linear_iter=13000_alpha_init=1_classifer_dict_pickle_2.file,13000,1,2,0.3404255319148936,0.21740298106620115
2020_05_07_lrc_ovr_linear_iter=13000_alpha_init=100_classifer_dict_pickle_2.file,13000,100,2,0.32978723404255317,0.18821110349554487
2020_05_07_lrc_ovr_linear_iter=7000_alpha_init=10_classifer_dict_pickle_0.file,7000,10,0,0.3191489361702128,0.18559631785569244
2020_05_07_lrc_ovr_linear_iter=9000_alpha_init=100_classifer_dict_pickle_9.file,9000,100,9,0.3191489361702128,0.16929025131179234
2020_05_07_lrc_ovr_linear_iter=3000_alpha_init=1000_classifer_dict_pickle_7.file,3000,1000,7,0.30851063829787234,0.17354254024076832
2020_05_07_lrc_ovr_linear_iter=9000_alpha_init=1e-05_classifer_dict_pickle_9.file,9000,1e-05,9,0.14893617021276595,0.005685574507470575
2020_05_07_lrc_ovr_linear_iter=11000_alpha_init=1e-05_classifer_dict_pickle_8.file,11000,1e-05,8,0.19148936170212766,0.04312885079024914
2020_05_07_lrc_ovr_linear_iter=11000_alpha_init=1000_classifer_dict_pickle_6.file,11000,1000,6,0.2872340425531915,0.1376146788990826
2020_05_07_lrc_ovr_linear_iter=7000_alpha_init=100_classifer_dict_pickle_7.file,7000,100,7,0.3191489361702128,0.17589041095890412
2020_05_07_lrc_ovr_linear_iter=11000_alpha_init=10_classifer_dict_pickle_6.file,11000,10,6,0.2553191489361702,0.11665995435628942
2020_05_07_lrc_ovr_linear_iter=5000_alpha_init=100_classifer_dict_pickle_0.file,5000,100,0,0.32978723404255317,0.18193120596767506
2020_05_07_lrc_ovr_linear_iter=15000_alpha_init=1e-05_classifer_dict_pickle_2.file,15000,1e-05,2,0.14893617021276595,0.01981230448383733
2020_05_07_lrc_ovr_linear_iter=3000_alpha_init=1000_classifer_dict_pickle_8.file,3000,1000,8,0.32978723404255317,0.19417607837801057
2020_05_07_lrc_ovr_linear_iter=15000_alpha_init=10_classifer_dict_pickle_7.file,15000,10,7,0.26595744680851063,0.11851046480021744
2020_05_07_lrc_ovr_linear_iter=7000_alpha_init=10_classifer_dict_pickle_1.file,7000,10,1,0.3191489361702128,0.18680724520140582
2020_05_07_lrc_ovr_linear_iter=3000_alpha_init=1000_classifer_dict_pickle_9.file,3000,1000,9,0.32978723404255317,0.202209349319682
2020_05_07_lrc_ovr_linear_iter=5000_alpha_init=100_classifer_dict_pickle_1.file,5000,100,1,0.3404255319148936,0.1951387929843944
2020_05_07_lrc_ovr_linear_iter=9000_alpha_init=1000_classifer_dict_pickle_0.file,9000,1000,0,0.30851063829787234,0.16002199615067358
2020_05_07_lrc_ovr_linear_iter=7000_alpha_init=100_classifer_dict_pickle_8.file,7000,100,8,0.3404255319148936,0.1976872246696035
2020_05_07_lrc_ovr_linear_iter=9000_alpha_init=10_classifer_dict_pickle_0.file,9000,10,0,0.3404255319148936,0.20761386811692722
2020_05_07_lrc_ovr_linear_iter=13000_alpha_init=1_classifer_dict_pickle_3.file,13000,1,3,0.35106382978723405,0.22523983245507365
2020_05_07_lrc_ovr_linear_iter=11000_alpha_init=1e-05_classifer_dict_pickle_9.file,11000,1e-05,9,0.13829787234042554,-0.012499999999999985
2020_05_07_lrc_ovr_linear_iter=13000_alpha_init=100_classifer_dict_pickle_3.file,13000,100,3,0.39361702127659576,0.2655243317340644
2020_05_07_lrc_ovr_linear_iter=11000_alpha_init=1000_classifer_dict_pickle_7.file,11000,1000,7,0.3404255319148936,0.19999999999999998
2020_05_07_lrc_ovr_linear_iter=5000_alpha_init=100_classifer_dict_pickle_2.file,5000,100,2,0.2765957446808511,0.12605961170358218
2020_05_07_lrc_ovr_linear_iter=7000_alpha_init=10_classifer_dict_pickle_2.file,7000,10,2,0.32978723404255317,0.19384699156003263
2020_05_07_lrc_ovr_linear_iter=11000_alpha_init=10_classifer_dict_pickle_7.file,11000,10,7,0.2872340425531915,0.14032214032214038
2020_05_07_lrc_ovr_linear_iter=7000_alpha_init=100_classifer_dict_pickle_9.file,7000,100,9,0.2765957446808511,0.12962962962962962
2020_05_07_lrc_ovr_linear_iter=9000_alpha_init=1000_classifer_dict_pickle_1.file,9000,1000,1,0.32978723404255317,0.18921139101861986
2020_05_07_lrc_ovr_linear_iter=5000_alpha_init=100_classifer_dict_pickle_3.file,5000,100,3,0.26595744680851063,0.11320754716981131
2020_05_07_lrc_ovr_linear_iter=15000_alpha_init=1e-05_classifer_dict_pickle_3.file,15000,1e-05,3,0.1276595744680851,-0.03034353696029944
2020_05_07_lrc_ovr_linear_iter=9000_alpha_init=10_classifer_dict_pickle_1.file,9000,10,1,0.2553191489361702,0.10427443506670293
2020_05_07_lrc_ovr_linear_iter=15000_alpha_init=10_classifer_dict_pickle_8.file,15000,10,8,0.2553191489361702,0.10755459107554585
2020_05_07_lrc_ovr_linear_iter=7000_alpha_init=10_classifer_dict_pickle_3.file,7000,10,3,0.3404255319148936,0.20566989232656402
2020_05_07_lrc_ovr_linear_iter=11000_alpha_init=0.0001_classifer_dict_pickle_0.file,11000,0.0001,0,0.1276595744680851,-0.009693476552266187
2020_05_07_lrc_ovr_linear_iter=7000_alpha_init=1000_classifer_dict_pickle_0.file,7000,1000,0,0.39361702127659576,0.2588186471157836
2020_05_07_lrc_ovr_linear_iter=5000_alpha_init=100_classifer_dict_pickle_4.file,5000,100,4,0.3191489361702128,0.18205302515295718
2020_05_07_lrc_ovr_linear_iter=11000_alpha_init=1000_classifer_dict_pickle_8.file,11000,1000,8,0.3404255319148936,0.19536103824382162
2020_05_07_lrc_ovr_linear_iter=13000_alpha_init=1_classifer_dict_pickle_4.file,13000,1,4,0.39361702127659576,0.2749661705006766
2020_05_07_lrc_ovr_linear_iter=11000_alpha_init=10_classifer_dict_pickle_8.file,11000,10,8,0.32978723404255317,0.20637898686679174
2020_05_07_lrc_ovr_linear_iter=13000_alpha_init=100_classifer_dict_pickle_4.file,13000,100,4,0.3404255319148936,0.19513879298439443
2020_05_07_lrc_ovr_linear_iter=9000_alpha_init=1000_classifer_dict_pickle_2.file,9000,1000,2,0.2872340425531915,0.1414940021810251
2020_05_07_lrc_ovr_linear_iter=7000_alpha_init=10_classifer_dict_pickle_4.file,7000,10,4,0.3617021276595745,0.23421588594704684
2020_05_07_lrc_ovr_linear_iter=9000_alpha_init=10_classifer_dict_pickle_2.file,9000,10,2,0.3617021276595745,0.2285597045547805
2020_05_07_lrc_ovr_linear_iter=5000_alpha_init=100_classifer_dict_pickle_5.file,5000,100,5,0.3404255319148936,0.19469393395053194
2020_05_07_lrc_ovr_linear_iter=7000_alpha_init=1000_classifer_dict_pickle_1.file,7000,1000,1,0.3829787234042553,0.24414252044918894
2020_05_07_lrc_ovr_linear_iter=5000_alpha_init=100_classifer_dict_pickle_6.file,5000,100,6,0.32978723404255317,0.17943743937924342
2020_05_07_lrc_ovr_linear_iter=15000_alpha_init=1e-05_classifer_dict_pickle_4.file,15000,1e-05,4,0.1276595744680851,-0.013010908135103172
2020_05_07_lrc_ovr_linear_iter=7000_alpha_init=10_classifer_dict_pickle_5.file,7000,10,5,0.2872340425531915,0.13607681755829906
2020_05_07_lrc_ovr_linear_iter=11000_alpha_init=0.0001_classifer_dict_pickle_1.file,11000,0.0001,1,0.1702127659574468,0.024610882000798185
2020_05_07_lrc_ovr_linear_iter=11000_alpha_init=1000_classifer_dict_pickle_9.file,11000,1000,9,0.3191489361702128,0.17419354838709677
2020_05_07_lrc_ovr_linear_iter=15000_alpha_init=10_classifer_dict_pickle_9.file,15000,10,9,0.3191489361702128,0.18592692828146146
2020_05_07_lrc_ovr_linear_iter=9000_alpha_init=1000_classifer_dict_pickle_3.file,9000,1000,3,0.2978723404255319,0.14908791660951856
2020_05_07_lrc_ovr_linear_iter=11000_alpha_init=10_classifer_dict_pickle_9.file,11000,10,9,0.2872340425531915,0.1446421295667527
2020_05_07_lrc_ovr_linear_iter=13000_alpha_init=1_classifer_dict_pickle_5.file,13000,1,5,0.3617021276595745,0.23379975546800713
2020_05_07_lrc_ovr_linear_iter=7000_alpha_init=1000_classifer_dict_pickle_2.file,7000,1000,2,0.3404255319148936,0.19978031031168475
2020_05_07_lrc_ovr_linear_iter=9000_alpha_init=10_classifer_dict_pickle_3.file,9000,10,3,0.3404255319148936,0.21040509416068282
2020_05_07_lrc_ovr_linear_iter=13000_alpha_init=100_classifer_dict_pickle_5.file,13000,100,5,0.3723404255319149,0.23671896504266443
2020_05_07_lrc_ovr_linear_iter=5000_alpha_init=100_classifer_dict_pickle_7.file,5000,100,7,0.3191489361702128,0.1775803144224197
2020_05_07_lrc_ovr_linear_iter=7000_alpha_init=10_classifer_dict_pickle_6.file,7000,10,6,0.3191489361702128,0.17679255610290096
2020_05_07_lrc_ovr_linear_iter=5000_alpha_init=100_classifer_dict_pickle_8.file,5000,100,8,0.2978723404255319,0.14380347778084457
2020_05_07_lrc_ovr_linear_iter=7000_alpha_init=1000_classifer_dict_pickle_3.file,7000,1000,3,0.30851063829787234,0.15886563876651985
2020_05_07_lrc_ovr_linear_iter=9000_alpha_init=1000_classifer_dict_pickle_4.file,9000,1000,4,0.32978723404255317,0.18272150151807892
2020_05_07_lrc_ovr_linear_iter=11000_alpha_init=1_classifer_dict_pickle_0.file,11000,1,0,0.3191489361702128,0.19063635140589266
2020_05_07_lrc_ovr_linear_iter=9000_alpha_init=10_classifer_dict_pickle_4.file,9000,10,4,0.32978723404255317,0.19065190651906516
2020_05_07_lrc_ovr_linear_iter=7000_alpha_init=10_classifer_dict_pickle_7.file,7000,10,7,0.2765957446808511,0.138544474393531
2020_05_07_lrc_ovr_linear_iter=11000_alpha_init=100_classifer_dict_pickle_0.file,11000,100,0,0.3191489361702128,0.18271973916587422
2020_05_07_lrc_ovr_linear_iter=13000_alpha_init=1e-05_classifer_dict_pickle_0.file,13000,1e-05,0,0.1276595744680851,-0.0207919480863462
2020_05_07_lrc_ovr_linear_iter=15000_alpha_init=1_classifer_dict_pickle_0.file,15000,1,0,0.2978723404255319,0.16836461126005361
2020_05_07_lrc_ovr_linear_iter=5000_alpha_init=100_classifer_dict_pickle_9.file,5000,100,9,0.2978723404255319,0.15672148973766478
2020_05_07_lrc_ovr_linear_iter=15000_alpha_init=100_classifer_dict_pickle_0.file,15000,100,0,0.2765957446808511,0.12594010665937372
2020_05_07_lrc_ovr_linear_iter=13000_alpha_init=1_classifer_dict_pickle_6.file,13000,1,6,0.2978723404255319,0.1612816006489117
2020_05_07_lrc_ovr_linear_iter=7000_alpha_init=1000_classifer_dict_pickle_4.file,7000,1000,4,0.2978723404255319,0.14651258770119685
2020_05_07_lrc_ovr_linear_iter=13000_alpha_init=100_classifer_dict_pickle_6.file,13000,100,6,0.40425531914893614,0.28028438610883233
2020_05_07_lrc_ovr_linear_iter=9000_alpha_init=1000_classifer_dict_pickle_5.file,9000,1000,5,0.32978723404255317,0.18665018541409142
2020_05_07_lrc_ovr_linear_iter=7000_alpha_init=10_classifer_dict_pickle_8.file,7000,10,8,0.2978723404255319,0.1587796610169491
2020_05_07_lrc_ovr_linear_iter=9000_alpha_init=10_classifer_dict_pickle_5.file,9000,10,5,0.24468085106382978,0.09822996892311849
2020_05_07_lrc_ovr_linear_iter=11000_alpha_init=1_classifer_dict_pickle_1.file,11000,1,1,0.3829787234042553,0.2719017094017094
2020_05_07_lrc_ovr_linear_iter=7000_alpha_init=1000_classifer_dict_pickle_5.file,7000,1000,5,0.30851063829787234,0.1622103386809269
2020_05_07_lrc_ovr_linear_iter=11000_alpha_init=100_classifer_dict_pickle_1.file,11000,100,1,0.2978723404255319,0.14791924186238153
2020_05_07_lrc_ovr_linear_iter=7000_alpha_init=10_classifer_dict_pickle_9.file,7000,10,9,0.32978723404255317,0.19076250341623394
2020_05_07_lrc_ovr_linear_iter=13000_alpha_init=1e-05_classifer_dict_pickle_1.file,13000,1e-05,1,0.13829787234042554,0.007947882736156348
2020_05_07_lrc_ovr_linear_iter=9000_alpha_init=1000_classifer_dict_pickle_6.file,9000,1000,6,0.32978723404255317,0.19570827108515548
2020_05_07_lrc_ovr_linear_iter=13000_alpha_init=1_classifer_dict_pickle_7.file,13000,1,7,0.35106382978723405,0.22471606273661443
2020_05_07_lrc_ovr_linear_iter=15000_alpha_init=1_classifer_dict_pickle_1.file,15000,1,1,0.26595744680851063,0.12669987882051975
2020_05_07_lrc_ovr_linear_iter=7000_alpha_init=1000_classifer_dict_pickle_6.file,7000,1000,6,0.2978723404255319,0.14674735249621781
2020_05_07_lrc_ovr_linear_iter=15000_alpha_init=100_classifer_dict_pickle_1.file,15000,100,1,0.3191489361702128,0.1880145768659738
2020_05_07_lrc_ovr_linear_iter=9000_alpha_init=10_classifer_dict_pickle_6.file,9000,10,6,0.2978723404255319,0.1543075245365321
2020_05_07_lrc_ovr_linear_iter=13000_alpha_init=100_classifer_dict_pickle_7.file,13000,100,7,0.30851063829787234,0.16836804137743291
2020_05_07_lrc_ovr_linear_iter=11000_alpha_init=1_classifer_dict_pickle_2.file,11000,1,2,0.3723404255319149,0.24441416893732967
2020_05_07_lrc_ovr_linear_iter=11000_alpha_init=100_classifer_dict_pickle_2.file,11000,100,2,0.30851063829787234,0.1593285635663181
2020_05_07_lrc_ovr_linear_iter=9000_alpha_init=1000_classifer_dict_pickle_7.file,9000,1000,7,0.2978723404255319,0.14321226349951666
2020_05_07_lrc_ovr_linear_iter=7000_alpha_init=1000_classifer_dict_pickle_7.file,7000,1000,7,0.3191489361702128,0.18205302515295718
2020_05_07_lrc_ovr_linear_iter=9000_alpha_init=10_classifer_dict_pickle_7.file,9000,10,7,0.2765957446808511,0.13714902807775378
2020_05_07_lrc_ovr_linear_iter=13000_alpha_init=1e-05_classifer_dict_pickle_2.file,13000,1e-05,2,0.2127659574468085,0.0815949300237655
2020_05_07_lrc_ovr_linear_iter=13000_alpha_init=1_classifer_dict_pickle_8.file,13000,1,8,0.32978723404255317,0.18709677419354834
2020_05_07_lrc_ovr_linear_iter=11000_alpha_init=1_classifer_dict_pickle_3.file,11000,1,3,0.3404255319148936,0.21455525606468998
2020_05_07_lrc_ovr_linear_iter=13000_alpha_init=100_classifer_dict_pickle_8.file,13000,100,8,0.35106382978723405,0.22534450148608487
2020_05_07_lrc_ovr_linear_iter=15000_alpha_init=1_classifer_dict_pickle_2.file,15000,1,2,0.32978723404255317,0.2044599677592692
2020_05_07_lrc_ovr_linear_iter=7000_alpha_init=1000_classifer_dict_pickle_8.file,7000,1000,8,0.35106382978723405,0.21666666666666667
2020_05_07_lrc_ovr_linear_iter=15000_alpha_init=100_classifer_dict_pickle_2.file,15000,100,2,0.3191489361702128,0.17701778385772918
2020_05_07_lrc_ovr_linear_iter=9000_alpha_init=1000_classifer_dict_pickle_8.file,9000,1000,8,0.30851063829787234,0.15944421516026963
2020_05_07_lrc_ovr_linear_iter=11000_alpha_init=100_classifer_dict_pickle_3.file,11000,100,3,0.2978723404255319,0.14604267033723328
2020_05_07_lrc_ovr_linear_iter=9000_alpha_init=10_classifer_dict_pickle_8.file,9000,10,8,0.2872340425531915,0.14811307994048425
2020_05_07_lrc_ovr_linear_iter=7000_alpha_init=1000_classifer_dict_pickle_9.file,7000,1000,9,0.32978723404255317,0.18227009113504553
2020_05_07_lrc_ovr_linear_iter=13000_alpha_init=1e-05_classifer_dict_pickle_3.file,13000,1e-05,3,0.18085106382978725,0.03992571959145775
2020_05_07_lrc_ovr_linear_iter=13000_alpha_init=1_classifer_dict_pickle_9.file,13000,1,9,0.2553191489361702,0.12243264870632163
2020_05_07_lrc_ovr_linear_iter=9000_alpha_init=1000_classifer_dict_pickle_9.file,9000,1000,9,0.3404255319148936,0.19536103824382162
2020_05_07_lrc_ovr_linear_iter=11000_alpha_init=1_classifer_dict_pickle_4.file,11000,1,4,0.3617021276595745,0.23421588594704687
2020_05_07_lrc_ovr_linear_iter=13000_alpha_init=100_classifer_dict_pickle_9.file,13000,100,9,0.35106382978723405,0.2190138926722964
2020_05_07_lrc_ovr_linear_iter=9000_alpha_init=10_classifer_dict_pickle_9.file,9000,10,9,0.2765957446808511,0.13293543136190994
2020_05_07_lrc_ovr_linear_iter=11000_alpha_init=100_classifer_dict_pickle_4.file,11000,100,4,0.2872340425531915,0.1341765191091559
2020_05_07_lrc_ovr_linear_iter=15000_alpha_init=1_classifer_dict_pickle_3.file,15000,1,3,0.30851063829787234,0.16938553561718322
2020_05_07_lrc_ovr_linear_iter=15000_alpha_init=100_classifer_dict_pickle_3.file,15000,100,3,0.3191489361702128,0.18581675463526867
2020_05_07_lrc_ovr_linear_iter=11000_alpha_init=1e-05_classifer_dict_pickle_0.file,11000,1e-05,0,0.19148936170212766,0.043000669792364374
2020_05_07_lrc_ovr_linear_iter=11000_alpha_init=1_classifer_dict_pickle_5.file,11000,1,5,0.2978723404255319,0.17246898759503798
2020_05_07_lrc_ovr_linear_iter=9000_alpha_init=100_classifer_dict_pickle_0.file,9000,100,0,0.3191489361702128,0.16386379430159834
2020_05_07_lrc_ovr_linear_iter=13000_alpha_init=1e-05_classifer_dict_pickle_4.file,13000,1e-05,4,0.1595744680851064,0.026098360655737715
2020_05_07_lrc_ovr_linear_iter=13000_alpha_init=10_classifer_dict_pickle_0.file,13000,10,0,0.26595744680851063,0.10734929810074317
2020_05_07_lrc_ovr_linear_iter=11000_alpha_init=100_classifer_dict_pickle_5.file,11000,100,5,0.2872340425531915,0.14079126875852663
2020_05_07_lrc_ovr_linear_iter=13000_alpha_init=1000_classifer_dict_pickle_0.file,13000,1000,0,0.35106382978723405,0.21051906925512873
2020_05_07_lrc_ovr_linear_iter=15000_alpha_init=1_classifer_dict_pickle_4.file,15000,1,4,0.2978723404255319,0.172027225410383
2020_05_07_lrc_ovr_linear_iter=15000_alpha_init=100_classifer_dict_pickle_4.file,15000,100,4,0.2765957446808511,0.1304584410284315
2020_05_07_lrc_ovr_linear_iter=9000_alpha_init=100_classifer_dict_pickle_1.file,9000,100,1,0.3829787234042553,0.25161290322580643
2020_05_07_lrc_ovr_linear_iter=11000_alpha_init=1e-05_classifer_dict_pickle_1.file,11000,1e-05,1,0.19148936170212766,0.0597525664648592
2020_05_07_lrc_ovr_linear_iter=11000_alpha_init=1_classifer_dict_pickle_6.file,11000,1,6,0.2127659574468085,0.06830967050629522
2020_05_07_lrc_ovr_linear_iter=13000_alpha_init=10_classifer_dict_pickle_1.file,13000,10,1,0.35106382978723405,0.21943915055812688
2020_05_07_lrc_ovr_linear_iter=13000_alpha_init=1e-05_classifer_dict_pickle_5.file,13000,1e-05,5,0.1702127659574468,0.018867924528301883
2020_05_07_lrc_ovr_linear_iter=11000_alpha_init=100_classifer_dict_pickle_6.file,11000,100,6,0.2765957446808511,0.12713368837907965
2020_05_07_lrc_ovr_linear_iter=13000_alpha_init=1000_classifer_dict_pickle_1.file,13000,1000,1,0.2872340425531915,0.1378507871321013
2020_05_07_lrc_ovr_linear_iter=9000_alpha_init=100_classifer_dict_pickle_2.file,9000,100,2,0.3404255319148936,0.19480519480519481
2020_05_07_lrc_ovr_linear_iter=11000_alpha_init=1e-05_classifer_dict_pickle_2.file,11000,1e-05,2,0.13829787234042554,0.002096985583224141
2020_05_07_lrc_ovr_linear_iter=11000_alpha_init=1_classifer_dict_pickle_7.file,11000,1,7,0.4148936170212766,0.299268094334508
2020_05_07_lrc_ovr_linear_iter=15000_alpha_init=1_classifer_dict_pickle_5.file,15000,1,5,0.3829787234042553,0.25964149918522544
2020_05_07_lrc_ovr_linear_iter=15000_alpha_init=100_classifer_dict_pickle_5.file,15000,100,5,0.3191489361702128,0.1672203765227021
2020_05_07_lrc_ovr_linear_iter=11000_alpha_init=100_classifer_dict_pickle_7.file,11000,100,7,0.24468085106382978,0.08700410396716823
2020_05_07_lrc_ovr_linear_iter=13000_alpha_init=10_classifer_dict_pickle_2.file,13000,10,2,0.3404255319148936,0.21508417508417504
2020_05_07_lrc_ovr_linear_iter=9000_alpha_init=100_classifer_dict_pickle_3.file,9000,100,3,0.35106382978723405,0.20997519977955362
2020_05_07_lrc_ovr_linear_iter=13000_alpha_init=1e-05_classifer_dict_pickle_6.file,13000,1e-05,6,0.13829787234042554,0.0073011734028683275
2020_05_07_lrc_ovr_linear_iter=13000_alpha_init=1000_classifer_dict_pickle_2.file,13000,1000,2,0.3404255319148936,0.20142504795834473
2020_05_07_lrc_ovr_linear_iter=11000_alpha_init=1e-05_classifer_dict_pickle_3.file,11000,1e-05,3,0.14893617021276595,-0.005347593582887717
2020_05_07_lrc_ovr_linear_iter=11000_alpha_init=1_classifer_dict_pickle_8.file,11000,1,8,0.23404255319148937,0.08503447343517645
2020_05_07_lrc_ovr_linear_iter=15000_alpha_init=100_classifer_dict_pickle_6.file,15000,100,6,0.3617021276595745,0.22940292389670724
2020_05_07_lrc_ovr_linear_iter=15000_alpha_init=1_classifer_dict_pickle_6.file,15000,1,6,0.3617021276595745,0.24183357978222883
2020_05_07_lrc_ovr_linear_iter=11000_alpha_init=100_classifer_dict_pickle_8.file,11000,100,8,0.3404255319148936,0.1979080649600881
2020_05_07_lrc_ovr_linear_iter=13000_alpha_init=10_classifer_dict_pickle_3.file,13000,10,3,0.2872340425531915,0.14868883482022174
2020_05_07_lrc_ovr_linear_iter=13000_alpha_init=1e-05_classifer_dict_pickle_7.file,13000,1e-05,7,0.09574468085106383,-0.04240052185257663
2020_05_07_lrc_ovr_linear_iter=11000_alpha_init=1_classifer_dict_pickle_9.file,11000,1,9,0.35106382978723405,0.23167626959667692
2020_05_07_lrc_ovr_linear_iter=13000_alpha_init=1000_classifer_dict_pickle_3.file,13000,1000,3,0.3404255319148936,0.199890170236134
2020_05_07_lrc_ovr_linear_iter=11000_alpha_init=100_classifer_dict_pickle_9.file,11000,100,9,0.26595744680851063,0.10992177850967476
2020_05_07_lrc_ovr_linear_iter=15000_alpha_init=1_classifer_dict_pickle_7.file,15000,1,7,0.3191489361702128,0.1884527181977607
2020_05_07_lrc_ovr_linear_iter=15000_alpha_init=100_classifer_dict_pickle_7.file,15000,100,7,0.2978723404255319,0.14932126696832576
2020_05_07_lrc_ovr_linear_iter=13000_alpha_init=10_classifer_dict_pickle_4.file,13000,10,4,0.30851063829787234,0.16938553561718322
2020_05_07_lrc_ovr_linear_iter=13000_alpha_init=1e-05_classifer_dict_pickle_8.file,13000,1e-05,8,0.18085106382978725,0.05718379575354958
2020_05_07_lrc_ovr_linear_iter=11000_alpha_init=10_classifer_dict_pickle_0.file,11000,10,0,0.30851063829787234,0.1772151898734177
2020_05_07_lrc_ovr_linear_iter=13000_alpha_init=1000_classifer_dict_pickle_4.file,13000,1000,4,0.3404255319148936,0.19978031031168472
2020_05_07_lrc_ovr_linear_iter=11000_alpha_init=1000_classifer_dict_pickle_0.file,11000,1000,0,0.3191489361702128,0.17351284517104
2020_05_07_lrc_ovr_linear_iter=11000_alpha_init=10_classifer_dict_pickle_1.file,11000,10,1,0.2872340425531915,0.14730571351204985
2020_05_07_lrc_ovr_linear_iter=13000_alpha_init=10_classifer_dict_pickle_5.file,13000,10,5,0.26595744680851063,0.12716996366572467
2020_05_07_lrc_ovr_linear_iter=15000_alpha_init=100_classifer_dict_pickle_8.file,15000,100,8,0.2872340425531915,0.12866629773104596
2020_05_07_lrc_ovr_linear_iter=15000_alpha_init=1_classifer_dict_pickle_8.file,15000,1,8,0.32978723404255317,0.18798848210612915
2020_05_07_lrc_ovr_linear_iter=13000_alpha_init=1e-05_classifer_dict_pickle_9.file,13000,1e-05,9,0.09574468085106383,-0.07133279699651385
2020_05_07_lrc_ovr_linear_iter=13000_alpha_init=1000_classifer_dict_pickle_5.file,13000,1000,5,0.3617021276595745,0.22792607802874743
2020_05_07_lrc_ovr_linear_iter=11000_alpha_init=1000_classifer_dict_pickle_1.file,11000,1000,1,0.3404255319148936,0.20273597811217509
2020_05_07_lrc_ovr_linear_iter=13000_alpha_init=10_classifer_dict_pickle_6.file,13000,10,6,0.2765957446808511,0.13912457912457915
2020_05_07_lrc_ovr_linear_iter=13000_alpha_init=0.0001_classifer_dict_pickle_0.file,13000,0.0001,0,0.1276595744680851,-0.015546772068511207
2020_05_07_lrc_ovr_linear_iter=15000_alpha_init=100_classifer_dict_pickle_9.file,15000,100,9,0.30851063829787234,0.17543859649122806
2020_05_07_lrc_ovr_linear_iter=15000_alpha_init=1_classifer_dict_pickle_9.file,15000,1,9,0.32978723404255317,0.19570827108515548
2020_05_07_lrc_ovr_linear_iter=13000_alpha_init=1000_classifer_dict_pickle_6.file,13000,1000,6,0.3617021276595745,0.22206896551724142
2020_05_07_lrc_ovr_linear_iter=13000_alpha_init=10_classifer_dict_pickle_7.file,13000,10,7,0.2872340425531915,0.13855833675283824
2020_05_07_lrc_ovr_linear_iter=13000_alpha_init=0.0001_classifer_dict_pickle_1.file,13000,0.0001,1,0.0851063829787234,-0.05521472392638037
2020_05_07_lrc_ovr_linear_iter=15000_alpha_init=1000_classifer_dict_pickle_0.file,15000,1000,0,0.39361702127659576,0.2635051546391753
2020_05_07_lrc_ovr_linear_iter=15000_alpha_init=10_classifer_dict_pickle_0.file,15000,10,0,0.32978723404255317,0.20177921552769912
2020_05_07_lrc_ovr_linear_iter=13000_alpha_init=1000_classifer_dict_pickle_7.file,13000,1000,7,0.3191489361702128,0.17248968363136175
2020_05_07_lrc_ovr_linear_iter=13000_alpha_init=10_classifer_dict_pickle_8.file,13000,10,8,0.30851063829787234,0.1727592743027349
2020_05_07_lrc_ovr_linear_iter=13000_alpha_init=1000_classifer_dict_pickle_8.file,13000,1000,8,0.32978723404255317,0.18665018541409142
2020_05_07_lrc_ovr_linear_iter=15000_alpha_init=1000_classifer_dict_pickle_1.file,15000,1000,1,0.3617021276595745,0.22452908015949405
2020_05_07_lrc_ovr_linear_iter=15000_alpha_init=10_classifer_dict_pickle_1.file,15000,10,1,0.32978723404255317,0.18843360285048646
2020_05_07_lrc_ovr_linear_iter=15000_alpha_init=1000_classifer_dict_pickle_2.file,15000,1000,2,0.3404255319148936,0.1984596341631137
2020_05_07_lrc_ovr_linear_iter=15000_alpha_init=10_classifer_dict_pickle_2.file,15000,10,2,0.2765957446808511,0.12665664708293486
2020_05_07_lrc_ovr_linear_iter=15000_alpha_init=1000_classifer_dict_pickle_3.file,15000,1000,3,0.35106382978723405,0.20581717451523546
2020_05_07_lrc_ovr_linear_iter=15000_alpha_init=10_classifer_dict_pickle_3.file,15000,10,3,0.2872340425531915,0.1564425395124565
2020_05_07_lrc_ovr_linear_iter=15000_alpha_init=1000_classifer_dict_pickle_4.file,15000,1000,4,0.30851063829787234,0.15805429240733082
2020_05_07_lrc_ovr_linear_iter=15000_alpha_init=1000_classifer_dict_pickle_5.file,15000,1000,5,0.3723404255319149,0.2315366495773867
2020_05_07_lrc_ovr_linear_iter=15000_alpha_init=1000_classifer_dict_pickle_6.file,15000,1000,6,0.32978723404255317,0.18575553416746868
2020_05_07_lrc_ovr_linear_iter=15000_alpha_init=1000_classifer_dict_pickle_7.file,15000,1000,7,0.32978723404255317,0.18910036971107758
2020_05_07_lrc_ovr_linear_iter=15000_alpha_init=1000_classifer_dict_pickle_8.file,15000,1000,8,0.2765957446808511,0.12546175947462032
2020_05_07_lrc_ovr_linear_iter=15000_alpha_init=1000_classifer_dict_pickle_9.file,15000,1000,9,0.3191489361702128,0.17926330150068215