2020_05_04_lrc_ovr_linear_iter=11000_alpha_init=0.1_classifer_dict_pickle_6.file,11000,0.1,6,0.30851063829787234,0.18206157965194114
2020_05_04_lrc_ovr_linear_iter=13000_alpha_init=0.0001_classifer_dict_pickle_2.file,13000,0.0001,2,0.10638297872340426,-0.03990517581983404
2020_05_04_lrc_ovr_linear_iter=13000_alpha_init=0.1_classifer_dict_pickle_0.file,13000,0.1,0,0.3723404255319149,0.25396825396825395
2020_05_04_lrc_ovr_linear_iter=11000_alpha_init=0.0001_classifer_dict_pickle_8.file,11000,0.0001,8,0.14893617021276595,-0.006154669521006193
2020_05_04_lrc_ovr_linear_iter=15000_alpha_init=1e-05_classifer_dict_pickle_6.file,15000,1e-05,6,0.18085106382978725,0.042719217034783735
2020_05_04_lrc_ovr_linear_iter=15000_alpha_init=0.01_classifer_dict_pickle_4.file,15000,0.01,4,0.22340425531914893,0.08262032085561495
2020_05_04_lrc_ovr_linear_iter=11000_alpha_init=0.1_classifer_dict_pickle_7.file,11000,0.1,7,0.2978723404255319,0.16936671575846832
2020_05_04_lrc_ovr_linear_iter=13000_alpha_init=0.0001_classifer_dict_pickle_3.file,13000,0.0001,3,0.14893617021276595,0.007915567282321892
2020_05_04_lrc_ovr_linear_iter=13000_alpha_init=0.1_classifer_dict_pickle_1.file,13000,0.1,1,0.35106382978723405,0.22250847457627118
2020_05_04_lrc_ovr_linear_iter=11000_alpha_init=0.0001_classifer_dict_pickle_9.file,11000,0.0001,9,0.09574468085106383,-0.03739288496494418
2020_05_04_lrc_ovr_linear_iter=15000_alpha_init=1e-05_classifer_dict_pickle_7.file,15000,1e-05,7,0.19148936170212766,0.04974727321096036
2020_05_04_lrc_ovr_linear_iter=15000_alpha_init=0.01_classifer_dict_pickle_5.file,15000,0.01,5,0.4148936170212766,0.2955443520915656
2020_05_04_lrc_ovr_linear_iter=11000_alpha_init=0.1_classifer_dict_pickle_8.file,11000,0.1,8,0.2978723404255319,0.15866558177379986
2020_05_04_lrc_ovr_linear_iter=13000_alpha_init=0.0001_classifer_dict_pickle_4.file,13000,0.0001,4,0.14893617021276595,-0.008583690987124469
2020_05_04_lrc_ovr_linear_iter=11000_alpha_init=0.001_classifer_dict_pickle_0.file,11000,0.001,0,0.32978723404255317,0.18676187860477886
2020_05_04_lrc_ovr_linear_iter=13000_alpha_init=0.1_classifer_dict_pickle_2.file,13000,0.1,2,0.30851063829787234,0.18085534253921437
2020_05_04_lrc_ovr_linear_iter=11000_alpha_init=0.1_classifer_dict_pickle_9.file,11000,0.1,9,0.3723404255319149,0.2671775898520084
2020_05_04_lrc_ovr_linear_iter=15000_alpha_init=1e-05_classifer_dict_pickle_8.file,15000,1e-05,8,0.1276595744680851,-0.022416766149356677
2020_05_04_lrc_ovr_linear_iter=15000_alpha_init=0.01_classifer_dict_pickle_6.file,15000,0.01,6,0.2553191489361702,0.10622113556098883
2020_05_04_lrc_ovr_linear_iter=11000_alpha_init=0.001_classifer_dict_pickle_1.file,11000,0.001,1,0.32978723404255317,0.19043062200956934
2020_05_04_lrc_ovr_linear_iter=13000_alpha_init=0.0001_classifer_dict_pickle_5.file,13000,0.0001,5,0.18085106382978725,0.04763157894736844
2020_05_04_lrc_ovr_linear_iter=13000_alpha_init=0.1_classifer_dict_pickle_3.file,13000,0.1,3,0.35106382978723405,0.2297152068780226
2020_05_04_lrc_ovr_linear_iter=15000_alpha_init=1e-05_classifer_dict_pickle_9.file,15000,1e-05,9,0.14893617021276595,0.0066050198150594324
2020_05_04_lrc_ovr_linear_iter=15000_alpha_init=0.01_classifer_dict_pickle_7.file,15000,0.01,7,0.30851063829787234,0.17986577181208052
2020_05_04_lrc_ovr_linear_iter=11000_alpha_init=0.001_classifer_dict_pickle_2.file,11000,0.001,2,0.3723404255319149,0.2283289272297203
2020_05_04_lrc_ovr_linear_iter=13000_alpha_init=0.0001_classifer_dict_pickle_6.file,13000,0.0001,6,0.0851063829787234,-0.062146892655367256
2020_05_04_lrc_ovr_linear_iter=13000_alpha_init=0.1_classifer_dict_pickle_4.file,13000,0.1,4,0.30851063829787234,0.17309514142644472
2020_05_04_lrc_ovr_linear_iter=15000_alpha_init=0.0001_classifer_dict_pickle_0.file,15000,0.0001,0,0.10638297872340426,-0.04693715194908513
2020_05_04_lrc_ovr_linear_iter=15000_alpha_init=0.01_classifer_dict_pickle_8.file,15000,0.01,8,0.3617021276595745,0.23286180631120784
2020_05_04_lrc_ovr_linear_iter=11000_alpha_init=0.001_classifer_dict_pickle_3.file,11000,0.001,3,0.2872340425531915,0.13678728070175442
2020_05_04_lrc_ovr_linear_iter=13000_alpha_init=0.0001_classifer_dict_pickle_7.file,13000,0.0001,7,0.1276595744680851,-0.014611030670001331
2020_05_04_lrc_ovr_linear_iter=13000_alpha_init=0.1_classifer_dict_pickle_5.file,13000,0.1,5,0.3723404255319149,0.2587543437583534
2020_05_04_lrc_ovr_linear_iter=15000_alpha_init=0.0001_classifer_dict_pickle_1.file,15000,0.0001,1,0.14893617021276595,0.006473774606949382
2020_05_04_lrc_ovr_linear_iter=11000_alpha_init=0.001_classifer_dict_pickle_4.file,11000,0.001,4,0.2872340425531915,0.15587722825358535
2020_05_04_lrc_ovr_linear_iter=13000_alpha_init=0.0001_classifer_dict_pickle_8.file,13000,0.0001,8,0.1276595744680851,-0.022959522229595238
2020_05_04_lrc_ovr_linear_iter=15000_alpha_init=0.01_classifer_dict_pickle_9.file,15000,0.01,9,0.2978723404255319,0.15957735031156864
2020_05_04_lrc_ovr_linear_iter=13000_alpha_init=0.1_classifer_dict_pickle_6.file,13000,0.1,6,0.2872340425531915,0.15440386680988188
2020_05_04_lrc_ovr_linear_iter=15000_alpha_init=0.0001_classifer_dict_pickle_2.file,15000,0.0001,2,0.1702127659574468,0.03551696921862666
2020_05_04_lrc_ovr_linear_iter=11000_alpha_init=0.001_classifer_dict_pickle_5.file,11000,0.001,5,0.39361702127659576,0.26025127709512635
2020_05_04_lrc_ovr_linear_iter=13000_alpha_init=0.0001_classifer_dict_pickle_9.file,13000,0.0001,9,0.09574468085106383,-0.05869882072346627
2020_05_04_lrc_ovr_linear_iter=13000_alpha_init=0.1_classifer_dict_pickle_7.file,13000,0.1,7,0.39361702127659576,0.2803223640026864
2020_05_04_lrc_ovr_linear_iter=15000_alpha_init=0.1_classifer_dict_pickle_0.file,15000,0.1,0,0.26595744680851063,0.12869425040300916
2020_05_04_lrc_ovr_linear_iter=11000_alpha_init=0.001_classifer_dict_pickle_6.file,11000,0.001,6,0.32978723404255317,0.1807995573384977
2020_05_04_lrc_ovr_linear_iter=13000_alpha_init=0.001_classifer_dict_pickle_0.file,13000,0.001,0,0.2978723404255319,0.1528062269561655
2020_05_04_lrc_ovr_linear_iter=15000_alpha_init=0.0001_classifer_dict_pickle_3.file,15000,0.0001,3,0.20212765957446807,0.07285639137296158
2020_05_04_lrc_ovr_linear_iter=13000_alpha_init=0.1_classifer_dict_pickle_8.file,13000,0.1,8,0.3191489361702128,0.19085406859448556
2020_05_04_lrc_ovr_linear_iter=15000_alpha_init=0.1_classifer_dict_pickle_1.file,15000,0.1,1,0.35106382978723405,0.22774410774410775
2020_05_04_lrc_ovr_linear_iter=11000_alpha_init=0.001_classifer_dict_pickle_7.file,11000,0.001,7,0.3723404255319149,0.23185595567867034
2020_05_04_lrc_ovr_linear_iter=13000_alpha_init=0.001_classifer_dict_pickle_1.file,13000,0.001,1,0.3191489361702128,0.16664357944313618
2020_05_04_lrc_ovr_linear_iter=13000_alpha_init=0.1_classifer_dict_pickle_9.file,13000,0.1,9,0.3617021276595745,0.23515052888527258
2020_05_04_lrc_ovr_linear_iter=15000_alpha_init=0.0001_classifer_dict_pickle_4.file,15000,0.0001,4,0.14893617021276595,0.01195637892523976
2020_05_04_lrc_ovr_linear_iter=15000_alpha_init=0.1_classifer_dict_pickle_2.file,15000,0.1,2,0.32978723404255317,0.1999459605512023
2020_05_04_lrc_ovr_linear_iter=11000_alpha_init=0.001_classifer_dict_pickle_8.file,11000,0.001,8,0.2765957446808511,0.12653730527466522
2020_05_04_lrc_ovr_linear_iter=13000_alpha_init=0.001_classifer_dict_pickle_2.file,13000,0.001,2,0.3404255319148936,0.20175318449527463
2020_05_04_lrc_ovr_linear_iter=15000_alpha_init=0.0001_classifer_dict_pickle_5.file,15000,0.0001,5,0.11702127659574468,-0.02739004477218858
2020_05_04_lrc_ovr_linear_iter=15000_alpha_init=0.1_classifer_dict_pickle_3.file,15000,0.1,3,0.2553191489361702,0.13112372903736957
2020_05_04_lrc_ovr_linear_iter=11000_alpha_init=0.001_classifer_dict_pickle_9.file,11000,0.001,9,0.35106382978723405,0.2080110497237569
2020_05_04_lrc_ovr_linear_iter=13000_alpha_init=0.001_classifer_dict_pickle_3.file,13000,0.001,3,0.3191489361702128,0.16270006958942246
2020_05_04_lrc_ovr_linear_iter=15000_alpha_init=0.0001_classifer_dict_pickle_6.file,15000,0.0001,6,0.14893617021276595,0.013123359580052469
2020_05_04_lrc_ovr_linear_iter=11000_alpha_init=0.01_classifer_dict_pickle_0.file,11000,0.01,0,0.30851063829787234,0.1793149764942915
2020_05_04_lrc_ovr_linear_iter=15000_alpha_init=0.1_classifer_dict_pickle_4.file,15000,0.1,4,0.2553191489361702,0.11665995435628942
2020_05_04_lrc_ovr_linear_iter=13000_alpha_init=0.001_classifer_dict_pickle_4.file,13000,0.001,4,0.3723404255319149,0.22411863458310013
2020_05_04_lrc_ovr_linear_iter=15000_alpha_init=0.0001_classifer_dict_pickle_7.file,15000,0.0001,7,0.07446808510638298,-0.07083933481733667
2020_05_04_lrc_ovr_linear_iter=11000_alpha_init=0.01_classifer_dict_pickle_1.file,11000,0.01,1,0.32978723404255317,0.19527109661638806
2020_05_04_lrc_ovr_linear_iter=13000_alpha_init=0.001_classifer_dict_pickle_5.file,13000,0.001,5,0.2978723404255319,0.13773453787352324
2020_05_04_lrc_ovr_linear_iter=15000_alpha_init=0.1_classifer_dict_pickle_5.file,15000,0.1,5,0.4148936170212766,0.29784055412196114
2020_05_04_lrc_ovr_linear_iter=15000_alpha_init=0.0001_classifer_dict_pickle_8.file,15000,0.0001,8,0.1702127659574468,0.02990209050013232
2020_05_04_lrc_ovr_linear_iter=11000_alpha_init=0.01_classifer_dict_pickle_2.file,11000,0.01,2,0.3404255319148936,0.20164383561643834
2020_05_04_lrc_ovr_linear_iter=13000_alpha_init=0.001_classifer_dict_pickle_6.file,13000,0.001,6,0.39361702127659576,0.26833265055305205
2020_05_04_lrc_ovr_linear_iter=15000_alpha_init=0.1_classifer_dict_pickle_6.file,15000,0.1,6,0.3191489361702128,0.1920494225087295
2020_05_04_lrc_ovr_linear_iter=11000_alpha_init=0.01_classifer_dict_pickle_3.file,11000,0.01,3,0.2978723404255319,0.1607142857142857
2020_05_04_lrc_ovr_linear_iter=15000_alpha_init=0.0001_classifer_dict_pickle_9.file,15000,0.0001,9,0.1595744680851064,0.026353743280451015
2020_05_04_lrc_ovr_linear_iter=13000_alpha_init=0.001_classifer_dict_pickle_7.file,13000,0.001,7,0.35106382978723405,0.19466292134831464
2020_05_04_lrc_ovr_linear_iter=15000_alpha_init=0.1_classifer_dict_pickle_7.file,15000,0.1,7,0.30851063829787234,0.16972414730262264
2020_05_04_lrc_ovr_linear_iter=11000_alpha_init=0.01_classifer_dict_pickle_4.file,11000,0.01,4,0.39361702127659576,0.26992778307671345
2020_05_04_lrc_ovr_linear_iter=13000_alpha_init=0.001_classifer_dict_pickle_8.file,13000,0.001,8,0.43617021276595747,0.3061281337047354
2020_05_04_lrc_ovr_linear_iter=15000_alpha_init=0.001_classifer_dict_pickle_0.file,15000,0.001,0,0.39361702127659576,0.2551091338801613
2020_05_04_lrc_ovr_linear_iter=15000_alpha_init=0.1_classifer_dict_pickle_8.file,15000,0.1,8,0.4148936170212766,0.30068984174218855
2020_05_04_lrc_ovr_linear_iter=11000_alpha_init=0.01_classifer_dict_pickle_5.file,11000,0.01,5,0.2978723404255319,0.16579265832997175
2020_05_04_lrc_ovr_linear_iter=13000_alpha_init=0.001_classifer_dict_pickle_9.file,13000,0.001,9,0.35106382978723405,0.21762859871742393
2020_05_04_lrc_ovr_linear_iter=15000_alpha_init=0.001_classifer_dict_pickle_1.file,15000,0.001,1,0.3829787234042553,0.22633744855967078
2020_05_04_lrc_ovr_linear_iter=15000_alpha_init=0.1_classifer_dict_pickle_9.file,15000,0.1,9,0.35106382978723405,0.22774410774410772
2020_05_04_lrc_ovr_linear_iter=11000_alpha_init=0.01_classifer_dict_pickle_6.file,11000,0.01,6,0.3617021276595745,0.2236751548520303
2020_05_04_lrc_ovr_linear_iter=13000_alpha_init=0.01_classifer_dict_pickle_0.file,13000,0.01,0,0.3191489361702128,0.18669730972015683
2020_05_04_lrc_ovr_linear_iter=15000_alpha_init=0.001_classifer_dict_pickle_2.file,15000,0.001,2,0.3404255319148936,0.18019412012941338
2020_05_04_lrc_ovr_linear_iter=11000_alpha_init=0.01_classifer_dict_pickle_7.file,11000,0.01,7,0.35106382978723405,0.21954539267728324
2020_05_04_lrc_ovr_linear_iter=13000_alpha_init=0.01_classifer_dict_pickle_1.file,13000,0.01,1,0.35106382978723405,0.22909384243076097
2020_05_04_lrc_ovr_linear_iter=15000_alpha_init=0.001_classifer_dict_pickle_3.file,15000,0.001,3,0.2765957446808511,0.11810154525386314
2020_05_04_lrc_ovr_linear_iter=11000_alpha_init=0.01_classifer_dict_pickle_8.file,11000,0.01,8,0.3191489361702128,0.1961517904863709
2020_05_04_lrc_ovr_linear_iter=13000_alpha_init=0.01_classifer_dict_pickle_2.file,13000,0.01,2,0.30851063829787234,0.17810061877858488
2020_05_04_lrc_ovr_linear_iter=15000_alpha_init=0.001_classifer_dict_pickle_4.file,15000,0.001,4,0.3829787234042553,0.23026965974869407
2020_05_04_lrc_ovr_linear_iter=11000_alpha_init=0.01_classifer_dict_pickle_9.file,11000,0.01,9,0.39361702127659576,0.2684325505188422
2020_05_04_lrc_ovr_linear_iter=13000_alpha_init=0.01_classifer_dict_pickle_3.file,13000,0.01,3,0.35106382978723405,0.22366639588410506
2020_05_04_lrc_ovr_linear_iter=15000_alpha_init=0.001_classifer_dict_pickle_5.file,15000,0.001,5,0.24468085106382978,0.08311581261162247
2020_05_04_lrc_ovr_linear_iter=11000_alpha_init=0.1_classifer_dict_pickle_0.file,11000,0.1,0,0.39361702127659576,0.27780024262029923
2020_05_04_lrc_ovr_linear_iter=13000_alpha_init=0.01_classifer_dict_pickle_4.file,13000,0.01,4,0.39361702127659576,0.26035339591385975
2020_05_04_lrc_ovr_linear_iter=11000_alpha_init=0.1_classifer_dict_pickle_1.file,11000,0.1,1,0.30851063829787234,0.18304586174622278
2020_05_04_lrc_ovr_linear_iter=15000_alpha_init=0.001_classifer_dict_pickle_6.file,15000,0.001,6,0.32978723404255317,0.19054127938764348
2020_05_04_lrc_ovr_linear_iter=13000_alpha_init=0.01_classifer_dict_pickle_5.file,13000,0.01,5,0.35106382978723405,0.2254491422396326
2020_05_04_lrc_ovr_linear_iter=11000_alpha_init=0.1_classifer_dict_pickle_2.file,11000,0.1,2,0.35106382978723405,0.2280560043080237
2020_05_04_lrc_ovr_linear_iter=15000_alpha_init=0.001_classifer_dict_pickle_7.file,15000,0.001,7,0.3617021276595745,0.22399559713813982
2020_05_04_lrc_ovr_linear_iter=13000_alpha_init=0.01_classifer_dict_pickle_6.file,13000,0.01,6,0.2978723404255319,0.16082781009062627
2020_05_04_lrc_ovr_linear_iter=11000_alpha_init=0.1_classifer_dict_pickle_3.file,11000,0.1,3,0.2978723404255319,0.1700334448160535
2020_05_04_lrc_ovr_linear_iter=13000_alpha_init=0.01_classifer_dict_pickle_7.file,13000,0.01,7,0.3829787234042553,0.25772634445200815
2020_05_04_lrc_ovr_linear_iter=15000_alpha_init=0.001_classifer_dict_pickle_8.file,15000,0.001,8,0.30851063829787234,0.14961725817675714
2020_05_04_lrc_ovr_linear_iter=11000_alpha_init=0.1_classifer_dict_pickle_4.file,11000,0.1,4,0.3723404255319149,0.2475919142585809
2020_05_04_lrc_ovr_linear_iter=13000_alpha_init=0.01_classifer_dict_pickle_8.file,13000,0.01,8,0.3191489361702128,0.18691715096634684