1,
chi_square_10th:0.0,4.9348592600113714e-08,8.295520369455175e-06,7.888833084193774e-05,0.000259722933778204,0.005460179806249394,0.0174429378367576,0.02736698195797755,0.0506387228983856,0.29698287401306506
t_10th:20.6419525216666,104.133541132222,124.40756745722149,125.048980014444,132.10247375444402,164.769012054444,245.454446465555,257.1855271833325,312.33809878777754,15009.448405868683
rmse_10th:0.0,7.31750127352841e-16,4.15766377087452e-06,2.88152430221551e-05,0.000121597376823608,0.00162151422594306,0.0153784665728727,0.0227541459361899,0.0327969037942542,0.064086931761261
2,
chi_square_10th:2.3215289051034353e-05,0.0002746365824425952,0.001260398155030843,0.00645724714170019,0.020510400165522448,0.0415055360442588,0.06361089912587325,0.11804059729411105,0.34349192679303653,0.487963347909008
t_10th:199.7012104916665,290.206209473888,297.9210678683325,301.528364301666,325.630184274444,491.4774575305555,571.9387807799995,691.810382887777,755.102073734444,46762.78696288644
rmse_10th:7.42518897609147e-06,4.9653941952423e-05,0.000624085270175592,0.00302128888776773,0.00593693562408915,0.0104989320466344,0.0207126890121797,0.0261881966001857,0.0601754875839616,0.128263733441271
3,
chi_square_10th:9.02468014697889e-08,0.001443927699537794,0.019601799733183448,0.04705402020414435,0.05644746985255235,0.0896877407128579,0.1530007668670135,0.21820164659449948,2.258023507947115,19.34462281616165
t_10th:160.0327236961105,195.6751494905555,199.2607889172215,205.273299615555,213.56825396555502,324.74121596666646,400.20949077611,470.755805375554,548.979344422223,33413.319416201295
rmse_10th:9.10483885923244e-09,0.000251143274845638,0.00337149782905431,0.0129202842628723,0.0224627973224864,0.0280672224490669,0.0735885237186203,0.0830027800384096,0.280925665604379,13.4382405509601
4,
chi_square_10th:9.142515892656833e-08,7.273225326640745e-05,0.0005812078638148191,0.002801177379489205,0.00515420373281347,0.007160864212816771,0.0171773446070555,0.0319300316047834,0.107346150049802,0.4591617016386825
t_10th:106.78897182222164,173.4863357916665,178.5822513899995,183.77012004055553,189.173015179999,299.38686924,381.4820355616665,406.9358219066665,460.950353097778,28171.040433795384
rmse_10th:1.02417742265837e-08,1.90954605351896e-05,0.000139833335601765,0.000469075933893878,0.00317868481686934,0.00499517902344272,0.0115516689444094,0.015231152649809,0.026281894962278,0.0532897159754621
5,
chi_square_10th:0.007301395330964945,0.007537627434228195,0.008231467766746336,0.00870374048165558,0.010095942288386256,0.0129399931483655,0.04880052976940825,0.9062318989196585,5.76105534087515,223.853349770781
t_10th:285.283500947222,353.8380469577765,359.229779466111,384.871744354444,500.34197388388895,696.8027359005534,757.6189733038885,779.5029000316665,845.1292374427785,93937.2093574046
rmse_10th:2.28402973501938e-05,0.000251579874900629,0.00122537697226355,0.00153363378279328,0.00192228002323442,0.00215391003230339,0.00903787769934682,0.327615147855424,0.712362622226918,74.7105983061125
6,
chi_square_10th:0.000468419423016234,0.001685391791836125,0.003786756784924885,0.0062071470800994805,0.009113438550360821,0.01113024663992012,0.021618222947877047,0.058483146550629146,0.13755878507576652,2.430963119149125
t_10th:276.0263232877775,345.4689062016665,376.9962571305555,392.71302578833297,494.895703726668,580.3379475700001,600.609632905557,679.4256705127771,812.9795825505539,79607.5243846831
rmse_10th:1.61575208858162e-05,0.000409230298198091,0.000562497025448755,0.000961471673036255,0.00142721094854455,0.00154628890892022,0.00303670904186153,0.0107884889869365,0.0164623237271561,1.92681700283267
7,
chi_square_10th:0.00017874453106184743,0.0009502318376139499,0.001270441645563955,0.0017695628723705201,0.00423308642639369,0.006273505778221975,0.0132832129075534,0.0400129065896002,0.0559299656847383,2.66881071991072
t_10th:89.01349332333525,142.238791597779,177.6050198466675,178.856764348888,187.871197761666,240.86106963166299,293.379675430556,301.2231704638915,308.9596946777765,22227.739325644558
rmse_10th:7.33612715957467e-06,0.000422392963342727,0.000507061770840349,0.00105267571507718,0.00130105123141482,0.00147336749799661,0.0030470537540622,0.00729526635139038,0.0158399164059255,2.53430660731673
8,
chi_square_10th:0.0002555184680029385,0.00204632961465345,0.005291103038506475,0.00964879858052249,0.02104279870105065,0.04586832205892015,0.1114392603571093,0.145859324250607,0.2182819945701025,0.2863462701072755
t_10th:163.36637405666698,248.25202114555498,281.248793495001,296.644771376667,315.425056324999,394.928098948331,441.5625050333345,495.30901284278,547.74989490722,58340.13431748383
rmse_10th:0.000173945377775958,0.000914578771392364,0.00186668842072352,0.00692289129495015,0.00701229762499442,0.0112827253492472,0.0275825823860519,0.0330615017013065,0.0536153450231581,0.0813495280182687
9,
chi_square_10th:0.00032582304240320414,0.0027706607137402946,0.00430352554766867,0.0048084067557727945,0.006747624187260405,0.008218494346576405,0.016234795085980355,0.08451985536068245,1.9704223823168905,13.9347196541179
t_10th:149.020691914444,209.0190816249995,253.7809219777755,266.1512495683305,272.74746642499997,338.4797121355575,392.3237198194455,436.1036489377775,524.370083794442,57752.53194838373
rmse_10th:4.98516087748474e-05,0.000722969292588506,0.00112462244197296,0.00182527128418827,0.00225410235146891,0.00348901229985654,0.0175115023130303,0.0310849304111417,0.0817162904285186,8.08856834806195
1,
chi_square_10th:0.0,4.9348592600113714e-08,8.295520369455175e-06,7.888833084193774e-05,0.000259722933778204,0.005460179806249394,0.0174429378367576,0.02736698195797755,0.0506387228983856,0.29698287401306506
t_10th:20.6419525216666,104.133541132222,124.40756745722149,125.048980014444,132.10247375444402,164.769012054444,245.454446465555,257.1855271833325,312.33809878777754,15009.448405868683
rmse_10th:0.0,7.31750127352841e-16,4.15766377087452e-06,2.88152430221551e-05,0.000121597376823608,0.00162151422594306,0.0153784665728727,0.0227541459361899,0.0327969037942542,0.064086931761261
2,
chi_square_10th:2.3215289051034353e-05,0.0002746365824425952,0.001260398155030843,0.00645724714170019,0.020510400165522448,0.0415055360442588,0.06361089912587325,0.11804059729411105,0.34349192679303653,0.487963347909008
t_10th:199.7012104916665,290.206209473888,297.9210678683325,301.528364301666,325.630184274444,491.4774575305555,571.9387807799995,691.810382887777,755.102073734444,46762.78696288644
rmse_10th:7.42518897609147e-06,4.9653941952423e-05,0.000624085270175592,0.00302128888776773,0.00593693562408915,0.0104989320466344,0.0207126890121797,0.0261881966001857,0.0601754875839616,0.128263733441271
3,
chi_square_10th:9.02468014697889e-08,0.001443927699537794,0.019601799733183448,0.04705402020414435,0.05644746985255235,0.0896877407128579,0.1530007668670135,0.21820164659449948,2.258023507947115,19.34462281616165
t_10th:160.0327236961105,195.6751494905555,199.2607889172215,205.273299615555,213.56825396555502,324.74121596666646,400.20949077611,470.755805375554,548.979344422223,33413.319416201295
rmse_10th:9.10483885923244e-09,0.000251143274845638,0.00337149782905431,0.0129202842628723,0.0224627973224864,0.0280672224490669,0.0735885237186203,0.0830027800384096,0.280925665604379,13.4382405509601
4,
chi_square_10th:9.142515892656833e-08,7.273225326640745e-05,0.0005812078638148191,0.002801177379489205,0.00515420373281347,0.007160864212816771,0.0171773446070555,0.0319300316047834,0.107346150049802,0.4591617016386825
t_10th:106.78897182222164,173.4863357916665,178.5822513899995,183.77012004055553,189.173015179999,299.38686924,381.4820355616665,406.9358219066665,460.950353097778,28171.040433795384
rmse_10th:1.02417742265837e-08,1.90954605351896e-05,0.000139833335601765,0.000469075933893878,0.00317868481686934,0.00499517902344272,0.0115516689444094,0.015231152649809,0.026281894962278,0.0532897159754621
5,
chi_square_10th:0.007301395330964945,0.007537627434228195,0.008231467766746336,0.00870374048165558,0.010095942288386256,0.0129399931483655,0.04880052976940825,0.9062318989196585,5.76105534087515,223.853349770781
t_10th:285.283500947222,353.8380469577765,359.229779466111,384.871744354444,500.34197388388895,696.8027359005534,757.6189733038885,779.5029000316665,845.1292374427785,93937.2093574046
rmse_10th:2.28402973501938e-05,0.000251579874900629,0.00122537697226355,0.00153363378279328,0.00192228002323442,0.00215391003230339,0.00903787769934682,0.327615147855424,0.712362622226918,74.7105983061125
6,
chi_square_10th:0.000468419423016234,0.001685391791836125,0.003786756784924885,0.0062071470800994805,0.009113438550360821,0.01113024663992012,0.021618222947877047,0.058483146550629146,0.13755878507576652,2.430963119149125
t_10th:276.0263232877775,345.4689062016665,376.9962571305555,392.71302578833297,494.895703726668,580.3379475700001,600.609632905557,679.4256705127771,812.9795825505539,79607.5243846831
rmse_10th:1.61575208858162e-05,0.000409230298198091,0.000562497025448755,0.000961471673036255,0.00142721094854455,0.00154628890892022,0.00303670904186153,0.0107884889869365,0.0164623237271561,1.92681700283267
7,
chi_square_10th:0.00017874453106184743,0.0009502318376139499,0.001270441645563955,0.0017695628723705201,0.00423308642639369,0.006273505778221975,0.0132832129075534,0.0400129065896002,0.0559299656847383,2.66881071991072
t_10th:89.01349332333525,142.238791597779,177.6050198466675,178.856764348888,187.871197761666,240.86106963166299,293.379675430556,301.2231704638915,308.9596946777765,22227.739325644558
rmse_10th:7.33612715957467e-06,0.000422392963342727,0.000507061770840349,0.00105267571507718,0.00130105123141482,0.00147336749799661,0.0030470537540622,0.00729526635139038,0.0158399164059255,2.53430660731673
8,
chi_square_10th:0.0002555184680029385,0.00204632961465345,0.005291103038506475,0.00964879858052249,0.02104279870105065,0.04586832205892015,0.1114392603571093,0.145859324250607,0.2182819945701025,0.2863462701072755
t_10th:163.36637405666698,248.25202114555498,281.248793495001,296.644771376667,315.425056324999,394.928098948331,441.5625050333345,495.30901284278,547.74989490722,58340.13431748383
rmse_10th:0.000173945377775958,0.000914578771392364,0.00186668842072352,0.00692289129495015,0.00701229762499442,0.0112827253492472,0.0275825823860519,0.0330615017013065,0.0536153450231581,0.0813495280182687
9,
chi_square_10th:0.00032582304240320414,0.0027706607137402946,0.00430352554766867,0.0048084067557727945,0.006747624187260405,0.008218494346576405,0.016234795085980355,0.08451985536068245,1.9704223823168905,13.9347196541179
t_10th:149.020691914444,209.0190816249995,253.7809219777755,266.1512495683305,272.74746642499997,338.4797121355575,392.3237198194455,436.1036489377775,524.370083794442,57752.53194838373
rmse_10th:4.98516087748474e-05,0.000722969292588506,0.00112462244197296,0.00182527128418827,0.00225410235146891,0.00348901229985654,0.0175115023130303,0.0310849304111417,0.0817162904285186,8.08856834806195
