1,
chi_square:0.0,0.0,7.76209313310415e-17,9.86971851226065e-08,3.36340357356175e-06,1.32276371653486e-05,4.47918428533825e-05,0.000112984818830493,0.000217330014522085,0.000302115853034323,0.0017502573093007,0.00917010230319809,0.0151768619854669,0.0197090136880483,0.02642013835602,0.0283138255599351,0.0500404680460178,0.0512369777507534,0.0693911351583931,0.524574612867737
t:10.1864109577777,31.0974940855555,103.082143932222,105.184938332222,124.300475536666,124.514659377777,124.606056736666,125.491903292222,127.965250305555,136.239697203333,162.530119365555,167.007904743333,240.333126162222,250.575766768888,254.489748769999,259.881305596666,303.008476974444,321.667720601111,382.840986806666,29636.0558249307
rmse:0.0,0.0,7.31750127352841e-16,1.08082455732752e-07,4.15766377087452e-06,1.4888289111496e-05,2.88152430221551e-05,0.000113075303929345,0.000121597376823608,0.000387091317978689,0.00162151422594306,0.00955851496205503,0.0153784665728727,0.0175337845152359,0.0227541459361899,0.0240413631493616,0.0327969037942542,0.0371615677128965,0.064086931761261,0.113304353969948
2,
chi_square:7.868772028287e-06,3.85618060737817e-05,6.47695786526404e-05,0.00048450358623255,0.000921260149655926,0.00159953616040576,0.00545525299162553,0.00745924129177485,0.0175370470706875,0.0234837532603574,0.0343075499087559,0.0487035221797617,0.057446891409779,0.0697749068419675,0.0752103123365111,0.160870882251711,0.281645751147857,0.405338102438216,0.441144108364496,0.53478258745352
t:127.708620283333,271.6938007,286.769115308888,293.643303638888,296.26306258111,299.579073155555,299.634680527777,303.422048075555,304.662961305555,346.597407243333,434.835254531111,548.11966053,568.399902484444,575.477659075555,679.638572482222,703.982193293332,704.721719763333,805.482427705555,1000.37058984888,92525.203335924
rmse:7.42518897609147e-06,2.35161281040023e-05,4.9653941952423e-05,0.000369040575981529,0.000624085270175592,0.00260913166150999,0.00302128888776773,0.00399684232573573,0.00593693562408915,0.00707483451100932,0.0104989320466344,0.0192951735238458,0.0207126890121797,0.0216756180542133,0.0261881966001857,0.0417994799576336,0.0601754875839616,0.108893821863118,0.128263733441271,0.137618077207219
3,
chi_square:9.37451692624278e-09,1.71119086013335e-07,0.000366992642777148,0.00252086275629844,0.0138505395128177,0.0253530599535492,0.0458229259958002,0.0482851144124885,0.0525793316271034,0.0603156080780013,0.0867267503779226,0.0926487310477932,0.109175143826328,0.196826389907699,0.197008577298542,0.239394715890457,0.28090215522748,4.23514486066675,17.904483311809,20.7847623205143
t:132.472947325555,187.592500066666,194.549704756667,196.800594224444,198.063171138888,200.458406695555,202.723264457777,207.823334773333,211.779005265555,215.357502665555,277.800084305555,371.682347627778,381.123482598887,419.295498953333,459.43402756111,482.077583189998,508.787328173334,589.171360671112,701.31073380889,66125.3280985937
rmse:9.10483885923244e-09,1.62220147402257e-07,0.000251143274845638,0.00138078379044633,0.00337149782905431,0.00475714810536488,0.0129202842628723,0.0133982819340173,0.0224627973224864,0.0267098278006687,0.0280672224490669,0.0313267094993447,0.0735885237186203,0.0798451650564279,0.0830027800384096,0.0950244371062453,0.280925665604379,5.06964722226244,13.4382405509601,15.1324121667505
4,
chi_square:9.32197052918164e-09,1.73528347323955e-07,1.66109584265039e-05,0.000128853548106311,0.000145568981256268,0.00101684674637337,0.00104270994687417,0.00455964481210424,0.00515046651129996,0.00515794095432698,0.00700611487386965,0.00731561355176389,0.0116763113307784,0.0226783778833326,0.0268364665421511,0.0370235966674157,0.102335590851645,0.112356709247959,0.185353028997591,0.732970374279774
t:80.9147483488883,132.663195295555,169.639910794444,177.332760788889,178.354437683333,178.810065096666,182.220222296666,185.320017784445,187.503501049999,190.842529309999,249.926110164444,348.847628315556,368.09827713111,394.865793992223,397.776845257777,416.094798555556,450.040994405555,471.859711790001,493.004046816668,55849.0768207741
rmse:1.02417742265837e-08,1.86010634323256e-07,1.90954605351896e-05,7.86016175340436e-05,0.000139833335601765,0.000276816923422447,0.000469075933893878,0.000869807328546995,0.00317868481686934,0.0045317247565154,0.00499517902344272,0.00663030679924669,0.0115516689444094,0.0133110849786919,0.015231152649809,0.0177709705568664,0.026281894962278,0.0272189052050192,0.0532897159754621,0.38787331794369
5,
chi_square:0.00724108420936465,0.00736170645256524,0.00736954876968017,0.00770570609877622,0.00812061769013156,0.00834231784336111,0.00843573403561026,0.0089717469277009,0.00995781784055551,0.010234066736217,0.0125597884471557,0.0133201978495753,0.0219735468434612,0.0756275126953553,0.822078035154268,0.990385762685049,1.0953274003824,10.4267832813679,179.707579346767,267.999120194795
t:257.793385871111,312.773616023333,353.286702262221,354.389391653332,355.777713312222,362.68184562,377.11368751,392.629801198888,408.814953804444,591.868993963334,689.345115546665,704.260356254442,755.596742341111,759.641204266666,779.302348424443,779.70345163889,812.458762829998,877.799712055559,1029.63214022222,186844.786574587
rmse:2.28402973501938e-05,2.79654487186773e-05,0.000251579874900629,0.00101898084321718,0.00122537697226355,0.0013294436003881,0.00153363378279328,0.00175393547279446,0.00192228002323442,0.00195864109943281,0.00215391003230339,0.0042178754757844,0.00903787769934682,0.0170564677281577,0.327615147855424,0.585903569815294,0.712362622226918,4.8232332512994,74.7105983061125,103.976141184859
6,
chi_square:0.000361506541858852,0.000575332304173616,0.00160308366749517,0.00176769991617708,0.00370957991776781,0.00386393365208196,0.00620057547722766,0.0062137186829713,0.00892102757563318,0.00930584952508846,0.00997221954399244,0.0122882737358478,0.017342939834331,0.0258935060614231,0.0312205437760473,0.085745749325211,0.116044828868545,0.159072741282988,2.03317352092841,2.82875271736984
t:258.412872379999,293.639774195556,321.078345594444,369.859466808889,372.713384383334,381.279129877777,390.722342233332,394.703709343334,413.274678133334,576.516729320002,580.041729415557,580.634165724443,581.84189779889,619.377368012224,676.189766375554,682.66157465,697.47870586222,928.480459238888,984.247701412223,158230.801067954
rmse:1.61575208858162e-05,0.000280735238508331,0.000409230298198091,0.000416688484130337,0.000562497025448755,0.000635142692518961,0.000961471673036255,0.001152176388427,0.00142721094854455,0.00148629617540494,0.00154628890892022,0.00186010267239059,0.00303670904186153,0.00762237187376434,0.0107884889869365,0.01588726028961,0.0164623237271561,0.0194363979606664,1.92681700283267,2.18325428437703
7,
chi_square:6.59715709796789e-06,0.000350891905025727,0.00076678196664398,0.00113368170858392,0.00116182445382911,0.0013790588372988,0.00165485600198229,0.00188426974275875,0.00393931789287512,0.00452685495991226,0.00617231638201515,0.0063746951744288,0.010871511287096,0.0156949145280108,0.0309537929348453,0.0490720202443551,0.0545850877313339,0.0572748436381427,2.40628285596104,2.9313385838604
t:52.7488557022265,125.278130944444,126.911872191114,157.565711004444,176.835533750001,178.374505943334,178.618097144443,179.095431553333,187.569606445554,188.172789077778,205.395102298888,276.327036964438,291.267655192223,295.491695668889,298.017891071114,304.428449856669,306.888033855557,311.031355499996,363.925952991112,44091.552698298
rmse:7.33612715957467e-06,0.000408201976120944,0.000422392963342727,0.000493002839893296,0.000507061770840349,0.00076538726095167,0.00105267571507718,0.00114101798933099,0.00130105123141482,0.00138534199134991,0.00147336749799661,0.00217568141480703,0.0030470537540622,0.00673209351124366,0.00729526635139038,0.00982287980167226,0.0158399164059255,0.0166779288429935,2.53430660731673,3.03906986269623
8,
chi_square:0.000132820230674556,0.000378216705331321,0.00137175157101535,0.00272090765829155,0.00359443158673332,0.00698777449027963,0.00833093713439918,0.0109666600266458,0.0128663005388573,0.029219296863244,0.034914390030575,0.0568222540872653,0.0962914249163726,0.126587095797846,0.133325967734128,0.158392680767086,0.18190948708743299,0.254654502052772,0.257313782287611,0.31537875792694
t:122.83662096889,203.896127144444,235.70238669333,260.80165559778,273.928232462223,288.569354527779,295.752912581112,297.536630172222,300.421320611111,330.428792038887,362.098167715553,427.758030181109,440.698159436666,442.426850630003,492.927607921109,497.690417764451,498.288583276664,597.211206537776,686.584066616665,115993.684568351
rmse:0.000173945377775958,0.000847099681667347,0.000914578771392364,0.00172732127765496,0.00186668842072352,0.00639196478544719,0.00692289129495015,0.00698802434724388,0.00701229762499442,0.00881366812938702,0.0112827253492472,0.0198674945317228,0.0275825823860519,0.0282300920111308,0.0330615017013065,0.0435511890039237,0.0536153450231581,0.0791122893209466,0.0813495280182687,0.0940814133686691
9,
chi_square:2.19725023119433e-05,0.000629673582494465,0.00155385565153819,0.0039874657759424,0.00420602383708502,0.00440102725825232,0.00459341129274543,0.00502340221880016,0.00672347220991496,0.00677177616460585,0.00776654006475013,0.00867044862840268,0.00957703742919511,0.0228925527427656,0.0484515442100589,0.120588166511306,0.223603712267201,3.71724105236658,13.4496030297234,14.4198362785124
t:109.710380805555,188.331003023333,193.881831362223,224.156331887776,245.544216581109,262.017627374442,262.935041361107,269.367457775554,271.299483015555,274.195449834445,302.425755413336,374.533668857779,390.017445793334,394.629993845557,435.096446585554,437.110851290001,459.448012299999,589.292155288885,668.901458424451,114836.162438343
rmse:4.98516087748474e-05,0.0004490252392067,0.000722969292588506,0.00102449510588014,0.00112462244197296,0.00181390877363006,0.00182527128418827,0.00204050767439581,0.00225410235146891,0.00241689068947351,0.00348901229985654,0.00364486083764019,0.0175115023130303,0.0253328729628772,0.0310849304111417,0.0394415268118465,0.0817162904285186,2.77410522776939,8.08856834806195,8.43942171222642
