2020_04_18_lrc_ovr_stable_alpha_iter_1000_classifer_dict_pickle_0.file,1000,0,0.1595744680851064,0.01328727079457877
2020_04_18_lrc_ovr_stable_alpha_iter_1000_classifer_dict_pickle_1.file,1000,1,0.11702127659574468,-0.024153321081648717
2020_04_18_lrc_ovr_stable_alpha_iter_1000_classifer_dict_pickle_2.file,1000,2,0.10638297872340426,-0.04223864836325239
2020_04_18_lrc_ovr_stable_alpha_iter_1000_classifer_dict_pickle_3.file,1000,3,0.06382978723404255,-0.08727655099894849
2020_04_18_lrc_ovr_stable_alpha_iter_1000_classifer_dict_pickle_4.file,1000,4,0.10638297872340426,-0.0414138749670272
2020_04_18_lrc_ovr_stable_alpha_iter_1000_classifer_dict_pickle_5.file,1000,5,0.13829787234042554,-0.01968662113298512
2020_04_18_lrc_ovr_stable_alpha_iter_1000_classifer_dict_pickle_6.file,1000,6,0.1702127659574468,0.029516876240900068
2020_04_18_lrc_ovr_stable_alpha_iter_1000_classifer_dict_pickle_7.file,1000,7,0.1702127659574468,0.04481500781657112
2020_04_18_lrc_ovr_stable_alpha_iter_1000_classifer_dict_pickle_8.file,1000,8,0.1276595744680851,-0.025818472185254217
2020_04_18_lrc_ovr_stable_alpha_iter_1000_classifer_dict_pickle_9.file,1000,9,0.14893617021276595,0.0178921248530756
2020_04_18_lrc_ovr_stable_alpha_iter_3000_classifer_dict_pickle_0.file,3000,0,0.0851063829787234,-0.06606883819068973
2020_04_18_lrc_ovr_stable_alpha_iter_3000_classifer_dict_pickle_1.file,3000,1,0.19148936170212766,0.0423592493297587
2020_04_18_lrc_ovr_stable_alpha_iter_3000_classifer_dict_pickle_2.file,3000,2,0.1702127659574468,0.013853396099529207
2020_04_18_lrc_ovr_stable_alpha_iter_3000_classifer_dict_pickle_3.file,3000,3,0.14893617021276595,0.007522766266332303
2020_04_18_lrc_ovr_stable_alpha_iter_3000_classifer_dict_pickle_4.file,3000,4,0.11702127659574468,-0.012063821507329077
2020_04_18_lrc_ovr_stable_alpha_iter_3000_classifer_dict_pickle_5.file,3000,5,0.1595744680851064,0.01446582614465827
2020_04_18_lrc_ovr_stable_alpha_iter_3000_classifer_dict_pickle_6.file,3000,6,0.14893617021276595,0.007915567282321892
2020_04_18_lrc_ovr_stable_alpha_iter_3000_classifer_dict_pickle_7.file,3000,7,0.13829787234042554,-0.0018421052631578808
2020_04_18_lrc_ovr_stable_alpha_iter_3000_classifer_dict_pickle_8.file,3000,8,0.13829787234042554,-0.00861041197509605
2020_04_18_lrc_ovr_stable_alpha_iter_3000_classifer_dict_pickle_9.file,3000,9,0.13829787234042554,-0.019140677285503952
2020_04_18_lrc_ovr_stable_alpha_iter_5000_classifer_dict_pickle_0.file,5000,0,0.18085106382978725,0.04800736551361305
2020_04_18_lrc_ovr_stable_alpha_iter_5000_classifer_dict_pickle_1.file,5000,1,0.19148936170212766,0.05063122923588042
2020_04_18_lrc_ovr_stable_alpha_iter_5000_classifer_dict_pickle_2.file,5000,2,0.19148936170212766,0.03368050858920601
2020_04_18_lrc_ovr_stable_alpha_iter_5000_classifer_dict_pickle_3.file,5000,3,0.11702127659574468,-0.03860489882854102
2020_04_18_lrc_ovr_stable_alpha_iter_5000_classifer_dict_pickle_4.file,5000,4,0.09574468085106383,-0.06207629934866411
2020_04_18_lrc_ovr_stable_alpha_iter_5000_classifer_dict_pickle_5.file,5000,5,0.0851063829787234,-0.06917074461050127
2020_04_18_lrc_ovr_stable_alpha_iter_5000_classifer_dict_pickle_6.file,5000,6,0.19148936170212766,0.057768398839356375
2020_04_18_lrc_ovr_stable_alpha_iter_5000_classifer_dict_pickle_7.file,5000,7,0.1276595744680851,-0.03117056856187295
2020_04_18_lrc_ovr_stable_alpha_iter_5000_classifer_dict_pickle_8.file,5000,8,0.13829787234042554,0.0
2020_04_18_lrc_ovr_stable_alpha_iter_5000_classifer_dict_pickle_9.file,5000,9,0.18085106382978725,0.03928855853464296
2020_04_18_lrc_ovr_stable_alpha_iter_7000_classifer_dict_pickle_0.file,7000,0,0.1276595744680851,-0.00969347655226622
2020_04_18_lrc_ovr_stable_alpha_iter_7000_classifer_dict_pickle_1.file,7000,1,0.13829787234042554,0.006912742924220685
2020_04_18_lrc_ovr_stable_alpha_iter_7000_classifer_dict_pickle_2.file,7000,2,0.10638297872340426,-0.041001977587343454
2020_04_18_lrc_ovr_stable_alpha_iter_7000_classifer_dict_pickle_3.file,7000,3,0.20212765957446807,0.07077896401739815
2020_04_18_lrc_ovr_stable_alpha_iter_7000_classifer_dict_pickle_4.file,7000,4,0.10638297872340426,-0.03567681007345223
2020_04_18_lrc_ovr_stable_alpha_iter_7000_classifer_dict_pickle_5.file,7000,5,0.13829787234042554,0.0024891916677584214
2020_04_18_lrc_ovr_stable_alpha_iter_7000_classifer_dict_pickle_6.file,7000,6,0.19148936170212766,0.044280936454849505
2020_04_18_lrc_ovr_stable_alpha_iter_7000_classifer_dict_pickle_7.file,7000,7,0.1276595744680851,0.009763617677286743
2020_04_18_lrc_ovr_stable_alpha_iter_7000_classifer_dict_pickle_8.file,7000,8,0.13829787234042554,-0.0019739439399921264
2020_04_18_lrc_ovr_stable_alpha_iter_7000_classifer_dict_pickle_9.file,7000,9,0.09574468085106383,-0.042944785276073615
2020_04_18_lrc_ovr_stable_alpha_iter_9000_classifer_dict_pickle_0.file,9000,0,0.1276595744680851,-0.005872373743964539
2020_04_18_lrc_ovr_stable_alpha_iter_9000_classifer_dict_pickle_1.file,9000,1,0.1595744680851064,0.022508885086218282
2020_04_18_lrc_ovr_stable_alpha_iter_9000_classifer_dict_pickle_2.file,9000,2,0.13829787234042554,0.0007874015748031713
2020_04_18_lrc_ovr_stable_alpha_iter_9000_classifer_dict_pickle_3.file,9000,3,0.13829787234042554,-0.009680413738230979
2020_04_18_lrc_ovr_stable_alpha_iter_9000_classifer_dict_pickle_4.file,9000,4,0.10638297872340426,-0.03364314700877079
2020_04_18_lrc_ovr_stable_alpha_iter_9000_classifer_dict_pickle_5.file,9000,5,0.1595744680851064,0.01850383293682265
2020_04_18_lrc_ovr_stable_alpha_iter_9000_classifer_dict_pickle_6.file,9000,6,0.1702127659574468,0.023311575862528296
2020_04_18_lrc_ovr_stable_alpha_iter_9000_classifer_dict_pickle_7.file,9000,7,0.0851063829787234,-0.08934105915644791
2020_04_18_lrc_ovr_stable_alpha_iter_9000_classifer_dict_pickle_8.file,9000,8,0.2127659574468085,0.07659630957121996
2020_04_18_lrc_ovr_stable_alpha_iter_9000_classifer_dict_pickle_9.file,9000,9,0.2127659574468085,0.06781023854194586
