1,0.0031893320658148826,0.0038008964975229102,0.002376191573353087,0.004574359330000343,0.0033794970797517546,0.003563950557608394,0.0019567234708851616,0.00442602306107919,0.0032153533543125283,0.0024025769650057216,0.005163105653002949,0.0033776608941683754,0.0036527063823888818,0.004385476940728071,0.0031072981219490755,0.0025156871981246868,0.0031230071035845968,0.003055080922371501,0.0024546221331531873
2,1.7239293349043643e-05,0.002275750636463557,0.00015301181711000028,0.0001983688842301854,0.0003510484300708236,1.1499465753529378e-07,0.0016857937046884357,0.0021864152552389764,0.0039022530383973977,5.395302294093759e-05,0.0002775002905665016,0.00027115999682525806,0.0017540242570606805,0.0005980474575606245,0.0010211831267883614,0.003120357883531562,0.0006587373385609143,0.0016024429422113453,0.0005802668513782309
3,0.0019080860511220806,0.003110120905454935,0.002013912474758915,0.0020249060204022935,0.0021094522803112347,0.0028521782592829067,0.0028346598260484608,0.0010536664799131656,0.0030720167910681965,0.001278946718147954,0.0015422201626839995,0.0020699428279185752,0.0016312550083397324,0.002390824749230017,0.002469704791513188,0.0030947399778853513,0.0017287909092854616,3.632407506702116e-05,0.0028443322013394006
4,0.0015988264081836375,0.0019500689861548645,0.0017220538365543933,4.35104642323155e-05,0.0012928290266248084,0.0009937778151214334,0.001386972422255833,0.002710679552033427,0.0023925460929150786,0.0012886315180910502,0.0008170125573236844,0.001522676807842871,0.0008567938916879704,0.002918268330772838,0.0010944053673455783,0.0023765892189637006,0.0004429501791591908,0.0019908846745597467,0.0023100236221478506
5,0.004672338190651986,0.00089034352905694,0.0056401471579411765,0.005731095229779789,0.005010879505365129,0.004890175775674321,0.00505539438607586,0.0054843489498004605,0.004822467796389703,0.005290871426098894,0.004436260039597656,0.003970605832841183,0.0042040600879312455,0.0049574351967927284,0.006217529182216488,0.003773415569764263,0.004750044510144912,0.004830037508222383,0.004343997003599279
6,0.0009507822997866565,0.0019256447887039776,0.0002763374923015132,0.0001355812438649594,0.0004880520818967797,0.0010786535631233296,0.0009266959779758863,0.0016722440272118515,0.0007393250853428497,0.0008445034063008124,0.000724115780764187,0.0009310837008436907,0.00029386078820206054,0.001460853646394548,0.0022314536048266584,0.0009695447484063968,8.298303486019672e-05,0.0013711292429486573,0.0024757685918331976
7,0.005578623058410135,5.339349620137031e-05,0.004835157105844564,0.006432269268013496,0.005661205463977484,0.006264972175440702,0.006156183546060796,0.007556436840529286,0.006247666261642932,0.005929500775190818,0.005701607083894742,0.0055046748624390145,0.005670418633186415,0.006228732103268706,0.005978314170308154,0.005278963681385022,0.0062113296786431155,0.004682974450927242,0.005972604174209513
8,0.0019516307430556786,0.0033366768703545864,0.0023542216960915044,0.0013546844811255126,0.0016082406305796151,0.001960456649055664,0.001543030547341704,0.00147959911658427,0.0029909871325100434,0.0015629141322489166,0.00200667199392576,0.0016577925846947114,0.0018750750426072518,0.0019308356267621059,0.0028906799217267055,0.0023849195582809077,0.0020896839821954462,0.0013252147635848146,0.0023791100402566203
9,0.004538291761310181,0.00017563472710535494,0.004618484899969085,0.004623616945541961,0.0056260793310099425,0.0054674437937068925,0.005174455307684268,0.0044242077586694765,0.005597479560540142,0.004480916883670469,0.004697518934664658,0.0037566336103771803,0.00587988076778933,0.00489709623429308,0.004825235824453302,0.0045571197064636455,0.0047855583723172375,0.004711559760794007,0.004230178812154833
10,0.0010860519458061602,0.00010848622134203448,0.0013873341070388568,0.0010357684717332387,0.0005664540876567491,0.00015928183637966875,0.001099448945939189,0.0009335570914735995,0.002264695616668621,0.0004912502225917505,0.0004945821445669435,0.0009057901810855031,0.0008766674509043835,0.00066403907118511,1.7008015639911214e-05,0.0028875747968900556,0.0017734172721131497,0.002207948764029756,0.0018089346340000715
11,0.004846328851449623,0.0007802275169662599,0.004888697467252066,0.004716606576450694,0.004450822002425817,0.0060916027318878956,0.005898198715632899,0.004688475156670261,0.006012135313887498,0.0044727338498760675,0.0043778130781843005,0.00516614276101621,0.004216605736605432,0.005260220272364651,0.0053521862510400725,0.004660008962972929,0.004297570521641739,0.004407059128513582,0.004431117165985233
12,4.719904546358527e-05,0.001368401694994264,0.00022974776948659413,0.0003787780287858027,0.0004944930964767067,0.0010781098080452699,5.3844272158000626e-05,0.0020065835178805476,0.0017152571281981977,0.0014764448508535007,0.00015125290767400035,0.0006964301980857812,0.00030458286007527713,0.0014617167397589707,0.0007328675814745563,0.0001571863540257961,0.00024420610604276546,0.001111936800956886,0.0014078710564976293
13,0.008136543405052944,0.0002483019650102213,0.007313935729837215,0.008141129718634094,0.0066343415447749,0.007773173950018253,0.007192552919372442,0.0069341152344446376,0.008690660405300275,0.008173183743878463,0.006997359004023805,0.00727348153018804,0.006153416260823447,0.007858766557534739,0.006529923927999023,0.008014978502415079,0.007826069465443432,0.007708180962380921,0.00708699637324617
14,0.00043751402863992215,0.0008173311397015569,0.0012166588526693759,0.0007548426333154267,7.167587366200676e-05,0.0016501448033034297,0.0012447529211228362,0.000893335043394343,0.001275547224748888,0.00029868979405986906,0.000228178226016189,0.0007896204672071803,0.00040923217078635006,0.0008730544390139777,0.000868582652725184,0.0012179814145139478,5.062910947200555e-05,0.0010758123111766873,0.00027778677393036237
15,0.008136573213777545,0.0026423228811879086,0.008504336095961077,0.008838475756019554,0.009172634770021865,0.007769215463267598,0.008764106034062183,0.00871955390125056,0.008738397558061021,0.00789190232665175,0.00907141232402297,0.00830071958065831,0.009035549965062183,0.009370508507514974,0.007807500841706491,0.009013847380115327,0.008152055044947227,0.0076300690345556055,0.008401034638194915
16,0.0009064096406981545,0.0009388078805909434,0.00048610829856274545,0.0009191362274545188,0.00020643452882124834,8.732651002225243e-05,0.0005238748663291311,0.0012328763324462588,0.0007886796514547806,0.0007269388082257895,0.0006086198383340927,0.0010110734945683014,0.000221378348938948,0.0015889942123513347,0.0023571211200074907,0.0018205828312173494,0.0017555903974369822,0.0017274186207803422,0.0008205004879253884
17,0.013539864478886937,0.00289093337230631,0.014006260224698378,0.014424410205532163,0.012145584216832922,0.013786116502610359,0.013801302099352094,0.012465520453808294,0.01367331055524333,0.012648847766313568,0.012778777655640413,0.010828421643733531,0.012391080314774124,0.012588700402949467,0.013857531878985963,0.013793116962354213,0.01384647613869293,0.010373069497960224,0.011938132332274413
18,0.0008257927354909779,0.004095419499418235,0.0012696095373300718,0.00013315655740819905,0.0008880873860542204,0.0007827953308666523,0.0003676983081725217,0.0009446957726600933,0.003267717860556417,0.00012746439964498002,0.0005856215412396694,0.0005750099300882632,0.00033842240414993954,0.002600271166584779,0.0019485483739811885,0.002921483486738039,0.0008591940579422065,0.0013880200290230691,0.0011029117623836536
19,0.012185731798635548,0.003262813245875307,0.01280981104055151,0.012480089126347344,0.012369478572645295,0.012260192757847677,0.012422693107175779,0.011840831001549087,0.011672592327812684,0.011751187019972603,0.012133159069621586,0.012464382010322824,0.011349912859154867,0.01221537715712169,0.011894305592646665,0.011526332458891455,0.01383768407923559,0.01282545041934303,0.012733034343977786
20,0.00020895795088344207,0.0017206876027526642,0.0012566650824124173,0.0002628302109748574,0.0013613361865790201,0.0007794553632364773,0.0007708176268455968,0.0012722507895779412,0.0013707742238823456,9.555508228678202e-05,2.918781306490293e-05,0.0011892220123057226,0.00043073941023025376,0.0007317568214418843,0.0019514778310855073,0.0013051635234097266,0.00046765462305530593,0.0004555520013759147,0.0006880510933372685
21,0.017842669866979244,0.003525192712598023,0.018357176867494766,0.018003951168132085,0.015656152466000127,0.017186302213905134,0.017805268559703345,0.01763143310007328,0.017532332638151366,0.017066517951684224,0.017808759788098115,0.017983747550923617,0.017192842840603205,0.01717363885867162,0.01783224741699129,0.016398069656832704,0.01761504912627459,0.016892010468121686,0.017520547778750863
22,0.00016957531784388363,0.000936001985012032,0.00032337112765887813,0.0016153194723934601,0.00044954600841179437,0.0005702636325674185,0.0006836851359219391,0.0015976300082849585,0.0013254825257945201,0.001140986082845722,0.0006562677785642553,0.000730875462476566,0.0002431481719913503,0.0015002847070269046,0.0015247899190768605,0.0025902725000133816,0.0005259774940025423,0.0012871173788658302,0.0009636827838419024
23,0.018575045861865792,0.00593068186247981,0.01766254509808178,0.01877514425611175,0.018038236615522934,0.018249359550224418,0.01712947049264646,0.018045543807928357,0.01735854615165643,0.018351957209963254,0.017489005339245054,0.0158018449673554,0.017670985590750702,0.01745482896707132,0.01705529248802314,0.01815776884272512,0.01851097175138953,0.017423084543620876,0.01737782247882219
24,0.00015808119671340795,0.0009708219237646348,0.00034090452903505806,0.00018631821648480462,0.0002989972171900484,0.0007356878547854483,0.0012796110102257126,0.0003519927729807929,0.001833439865044696,0.00039395356176092033,0.001089906424896716,0.00024813324917807844,0.00038123247838523346,0.001396575812078779,0.0010941490545000798,0.0022356361649504366,0.0002697279158221625,0.0014513745523314701,0.0004445300113433703
25,0.020193829580243523,0.0054120029220754455,0.021622093702135067,0.021964118817826943,0.019654052967987726,0.020528409123789507,0.020771529197729226,0.020223542685832607,0.021243295601575552,0.021509110789003565,0.020589581243514288,0.02109652612613742,0.020254614918951603,0.021654165123277516,0.022061579363584573,0.019739662515390766,0.019597721962669228,0.020835637891105464,0.021395178143646706
26,0.0009610232716803146,0.0008613363465272406,0.0003779964116616061,0.0013223934947496172,0.00012357181274923106,0.0006172387603156641,0.00014282308223700555,0.0019229931633929838,0.0006824106485230955,0.0001729193463242056,0.0005181250160064722,0.002082016209272555,0.0008365447887469945,0.000184815528485037,0.0006956528947921685,0.0007397666933340285,0.00186925980370899,0.0001937029305915762,0.0007632410196998271
27,0.009779649101208706,0.001335125411298985,0.008842071397571715,0.008629905049769872,0.009802028621313118,0.009606500832349707,0.009308821212735604,0.009709506404403262,0.009293486822425649,0.00913508993502619,0.009829473629980956,0.00983596086329986,0.009961449099095286,0.008263834804304225,0.008978540457477363,0.01064579152735722,0.008992800018400296,0.008717315874762908,0.010440091851544877
28,0.0008622877228515252,0.0013067969364444218,0.00037880032917064337,0.0012366680331193508,0.0004295724579458132,0.0008779803359749341,0.0003780076867337323,0.001276575205460285,9.196485697614418e-05,0.0007726382164307149,0.0017973042392867174,0.00041727135279476496,0.000394326903595409,2.2415391488472572e-05,0.0008652056459447645,0.00034789833938509194,0.0008704429979918086,0.0002916201036661895,0.0009847540701801592
29,0.01717733901664145,0.003413095449586337,0.017869897629464056,0.016691105497201868,0.017141130883789452,0.016968845580390836,0.018236104443121664,0.01920818237695304,0.01779559465536892,0.01716793127199597,0.017151228337670396,0.018240542870873844,0.0173233688349608,0.017405091366376243,0.017382603609042986,0.01755453934015023,0.018157311108118083,0.01882627205501942,0.016943772172700884
30,0.000695450674417193,0.0024160722049023473,0.00017005537549948305,0.0006926117970823068,0.001153179143313536,0.00041925004387408066,0.000622757007233248,0.0011688848334770589,0.001270430824355356,0.0006120417634115224,0.0007310746195242277,0.00019231169038546242,0.0007253781398803842,0.0012221804587690289,0.0018190541634242655,0.0024602367683471188,0.00035627747550170236,0.0013690933636120207,0.0019059047554792641
31,0.007650980520754715,0.0013004186304077145,0.007992954733110978,0.009084304784521106,0.008249563466459645,0.0084607759483755,0.008843943385773613,0.009953592147826113,0.008356385072324527,0.009395499758988414,0.010746029912540282,0.007978005138548365,0.009404074285934578,0.009960536865604953,0.009684331030833895,0.008521754195168874,0.009183466391520536,0.008890741576194423,0.00802309270428445
32,0.0010776182988526128,0.001407191429478518,0.0011157988094948486,0.00020535094350038172,0.00039241375226409616,5.0119834715807697e-05,0.00023925253785598828,0.000893797168091714,0.0003154442189347531,9.37759855588273e-05,0.0011126567753960636,0.0004261186243644967,0.00024626576358058663,0.0006244267741098924,0.0008583558842789982,0.002199021387458222,0.0001466937039917369,0.0016960473706197194,0.0008729613453960793
33,0.009645341781079227,0.003307752982505157,0.009644215827911355,0.010570578885398477,0.010775044665010001,0.011461320954581092,0.00912977596735011,0.009917103833661385,0.010591996883567932,0.010095665853976175,0.00938075818257598,0.010355209516598936,0.010581280282357346,0.011060384875694848,0.010845605339584058,0.009941608684611577,0.009432429889153937,0.010110287112039918,0.009673755537098996
34,0.00038577944116427167,0.0006630935019056896,0.0012507684603779007,0.00039441474092742537,0.0005067654005091075,0.00016391685976118662,0.0011628186340832505,0.002079501351268678,0.0002976216976366086,0.00040788784411953827,0.000526554787014808,0.0014166286402556836,0.001593463977797681,0.0008649487325419808,0.0018880729810697593,0.00037138637814397064,0.0009915132830435208,0.0003779124754939576,0.0001976316946730996
35,0.010589587380363707,0.010794365748492681,0.008620915741269091,0.009576827732424457,0.010585379897410544,0.010024672135447879,0.010375325840839864,0.010487092731094253,0.010523753986964573,0.010487130534988101,0.010593745236585371,0.009781701039919594,0.010556846495686405,0.010043371219890936,0.010608608732573428,0.010349951017783186,0.010545023847288566,0.009008181934421136,0.010214473305673433
36,0.0001659153739929138,0.0016242733064740938,0.0015481538483544384,0.00022827037100315258,0.001178635656826587,0.00021744005407758587,0.00012649725039675738,0.0040778182794605706,0.0016082191189041495,0.00038766760896984744,0.0005808147161987838,5.902318361521862e-05,0.0016487821598978958,0.001983728554499733,0.0007707340108617144,0.0026871894920297104,0.000984771624553953,0.0027745093919067276,0.002811622424748089
37,0.009462959324096125,0.00045470248370783585,0.0111482007462744,0.009425992549118297,0.009955287897927908,0.008003405632445247,0.01009342904864922,0.010640661691197373,0.01003344578386642,0.00929307375213095,0.009890889895643452,0.01085502657674147,0.009467232674800296,0.009344165823614557,0.009216786091510608,0.009245384055490267,0.009594943556010647,0.009203042693501117,0.010510142223971246
38,4.952550964114117e-05,0.0009145058735122553,0.0009062651725155894,0.000610032410503895,0.00017105090545905732,0.00012212303438899138,0.00010003138668921037,0.0006915069709959291,0.00013617328487164067,0.0004475822743488382,0.00015853364545170856,0.0004475156122210214,0.0002542019420994265,0.0013028612070155627,0.0013626073707127203,0.0014602424202797431,0.0004174382268564184,0.0005060008046827213,0.00025728204820550595
39,0.01055167606296551,0.010192419339241072,0.009763263378039124,0.008626561470956137,0.00885959033060981,0.009150585698932132,0.011626911681381833,0.010137096125499744,0.010077594459169156,0.008848408486470938,0.011486001825488196,0.009576149995477776,0.009532266414196333,0.009632590662948663,0.010073150460410598,0.01028683576455965,0.010240823562479635,0.010732346929262695,0.009895034282473927
40,0.0005877818812977116,0.0019045055212217202,0.0010309538946325371,0.000323205281352796,0.0003545955612849248,0.0004745511943348348,0.001019195893975022,0.0012681114182079242,0.0005506554986378554,0.0003109185270095426,0.0004825432199575987,0.0004248516611543012,0.00010048232121002659,0.0007451042640126714,0.0005918071648872703,0.002510075968643245,0.00018422314298825184,0.001248245381260273,0.000126960687606845
41,0.00426126801094768,0.005730425534086651,0.005258382819794694,0.005504244735467565,0.004605528310131007,0.00503928689498318,0.005204970139333557,0.005269606299858418,0.00566344293535366,0.005757890487876508,0.005089560539996148,0.006574731389231545,0.006509612367225155,0.00460870688082398,0.004630426939754717,0.006459261884650007,0.00447376531270038,0.004593757918233129,0.005905859511173432
42,0.00035667100157796457,0.0008942248824475499,0.0009592271253662637,0.0003189089376650368,0.00022053908357063526,0.00044086667801923916,0.0011578779960034467,0.0011550044416875369,0.0010691199370640246,0.000395215926590229,0.0011205583390373561,0.00027660795950448867,0.0016591840291609395,0.0003891975472744623,0.0012298717942275138,0.0014180039064694962,0.00016958948344482063,0.0005876711013654108,0.0006009412587027112
43,0.005115517152145168,0.003018782538182835,0.004020240592947161,0.0039978810836130635,0.004648298473399465,0.004895144415982784,0.003684923408784577,0.0034558143244348134,0.0047438263577874624,0.004777974484827334,0.003929058275655475,0.005075966049213165,0.0038868805843567046,0.003939119176860588,0.005386077425660545,0.004467129572686282,0.003192858286923915,0.00520799025444461,0.0049173470045481655
44,0.0008738817893189007,0.00228689324490671,2.7007560183927695e-05,0.00022658649298850232,1.4627954785040815e-05,0.0002044525225611071,0.00028512232398393805,0.0005058160175217525,0.0009588057287107836,0.00027073242614728503,0.0006408131979194158,0.001072293342213752,0.00022293907790734628,0.00019001096743127718,0.0010813543354532356,0.000889498979665787,0.001474618094528045,0.002940451042060701,0.001040127886384718
45,0.009830762892673858,0.009488363077634418,0.009428933219506773,0.010259603119028364,0.008847580421370295,0.010155048123427797,0.008791553619811534,0.011696212588552895,0.010301241972462979,0.0098818445607631,0.010226784643086396,0.007803951768891463,0.009664662423823566,0.008796361674813808,0.010843547562011056,0.01040194042499475,0.008890208906216578,0.008013731953638368,0.00972794631948965
46,0.001164503131763164,0.001863614403944877,0.0019595614928392506,0.0001546582515020345,8.873299816403833e-05,0.0005958158702837634,7.464812117293613e-05,0.0012638778466013485,0.0008359133117062232,0.0014573363041782011,0.0016303461063331066,0.00036098343936749946,0.0012338183488662486,0.0011018058715559621,0.0009890966287421604,0.0008504916884753993,0.0006413614202076637,0.0006941649986931875,0.0011914499363585693
47,0.011738003431474141,0.010598519226323246,0.011403529142984968,0.011512108575962651,0.011290528635453337,0.011589234587778037,0.011653501300572008,0.012112399169154547,0.01282383381481766,0.011000420232688993,0.010692358117379189,0.010910455396887703,0.011130786340897661,0.010977305605036944,0.012318405075190735,0.010530780835820907,0.011140985063233948,0.011666302406462872,0.011406201823315452
48,0.00017266450735622463,0.0015269984003000098,0.0011280232874226626,0.0004220038247809873,0.0007828030730818212,0.0004167395479701358,0.0006940630901953776,0.0005924781127328804,0.0010930172153625968,0.00043476977087513114,0.0006061827230137877,0.0004503195188805318,0.0003959776296776269,0.00040904100448262983,4.7136205860452854e-05,0.002290764090355951,0.00032336411315594173,0.002248375448781645,0.0006827553756806263
49,0.008392189357063422,0.009215670005284553,0.008928233782607486,0.009493496074548061,0.009120663912725742,0.009823071931958539,0.009243959981329802,0.007660341494762662,0.008853299685178966,0.008265857857402841,0.0088286298399241,0.007898079938894801,0.008520565735080043,0.008541303661208262,0.008310594975084415,0.009220668553382085,0.00799480900254484,0.009647332819014857,0.009910386799339425
50,0.0007174228354952649,8.905400049412826e-05,0.001503546638019056,0.0014320415889506634,0.0004715859706926446,0.0014732490776205697,0.0010813075038547235,0.00038416379471152307,0.0007683974214344494,0.0011390169800818651,0.0005995687264809532,0.002137740573254263,0.0012406886472979184,0.0014285803519324242,0.00039522838936183386,0.0011573079626128356,0.00042159739447790874,0.0003671853134234032,0.0007097345839793544
51,0.00494219019313433,0.005890946540436811,0.005422905894371814,0.00626748416981849,0.004695605223290264,0.004583854792819032,0.004572149703312123,0.006359623065991551,0.005035770927400528,0.006480224737295577,0.005215120990856047,0.004579711802778576,0.0047296210178171295,0.005204445106462086,0.006103531786190991,0.00647241606153677,0.005195884728039723,0.00441601059337695,0.004800502745901881
52,0.0007606536774505406,0.002673570595009357,0.002058583388628965,0.00043513442621041765,0.0012061812452640792,0.0005912063246097984,0.0022026991306634608,0.0014188732350487255,0.0013485996734691804,0.0022856695652095677,0.0009162726131327815,0.001340645236856361,1.748222944176845e-05,0.0005143264744473326,0.0010209356360935695,0.0007452227272159025,0.001849839569780707,0.001851719351640822,0.00112517411068531
53,0.0076267005559130865,0.009397156396298883,0.0049628489637923885,0.007984212890330054,0.0063555964495405634,0.006370641369674496,0.006807406606665864,0.009028704954949982,0.006279177482689803,0.007378431394905774,0.00696390057277776,0.007247210132191966,0.006672631787186805,0.007590754790086419,0.006625764061427356,0.00684612683335915,0.005408271840088826,0.005771946476411252,0.007489108021114241
54,8.5202557507226e-05,0.00035712905812450665,0.0012597602417514235,0.0017368689408778907,3.5243934091425275e-06,0.0003377040701228874,7.304092476679623e-05,0.001808057328711758,0.0009351584502926135,0.000585781768036178,0.0008484860414331133,0.0015237199846241264,0.0003733862768052826,0.0008347894505902055,0.0013109093505548506,0.0005746596710799292,0.000497911705701849,0.000501867834082348,0.0001641570335697507
55,0.007250236845853705,0.007998819818493296,0.0076032228074100865,0.0058204727200547555,0.005667328941901491,0.006890224023985442,0.0058924999386764385,0.007305480637311597,0.007605418522802107,0.006159801847040089,0.0063808059630202155,0.007241161957696137,0.006150171696355384,0.008025190334676255,0.00601422691514301,0.007690225915897859,0.006756469601511036,0.0066398581021062785,0.005604064974765021
56,0.000324195630300243,0.0014481631623575314,0.0017226986971772425,0.0010915260804724904,0.0009915277329349533,0.0002359941861654703,0.00042752414876793193,0.0017748738739477962,0.0008196384023130812,4.69984864098785e-05,0.0004975914498124232,1.0356607711139382e-05,0.0005150120652532357,0.001486596054212384,0.002722675285987963,0.0016271903361254779,0.0007554359079547745,0.0010751918542856462,0.0010348289244335334
57,0.003701151909319887,0.0003397498452529555,0.0038523240571680223,0.0045756037173886955,0.0033590030083523012,0.003197159965702095,0.00457772135120504,0.0044579990379623995,0.0033628106453472456,0.003460789457238522,0.0029039773698290145,0.003774599595546136,0.003349293691615485,0.0035502153163594202,0.0019669847429673315,0.004495001748948477,0.0041013887208484895,0.0035452789181068807,0.0033586868787448556
58,0.0007288312010719918,0.0003098444975186619,0.001176191502949235,0.0009299728411042731,0.0005551007249827532,0.0016198643581394364,0.0005046899883104384,0.0010208113828377814,0.00040413808519886707,0.0017091062647394115,0.0011572642492521993,0.001715334543353248,0.0005441702967639451,8.26691385319626e-05,6.471422543440995e-05,0.000990190654900652,0.001758579353124577,0.000632964050792455,0.00014992414307302233
59,0.007980969727117955,0.006046779518589556,0.007844395214211132,0.006689241634864348,0.007384143649023231,0.006560249526895877,0.00736525741476719,0.0010130691300695583,0.0064143679837752165,0.0070163956739933185,0.007168352860450722,0.0074929863639411134,0.00768696722627881,0.006696857266994328,0.00673670444634648,0.007892615004510637,0.007296621915196832,0.007032435912110555,0.006941681357744714
60,0.0009860076765653512,0.0015159934697072143,0.000950924834544886,0.0006653535246365736,0.0007588234540645013,0.0013765770460648509,0.00153645005659863,0.00012802309108581942,1.0761884557925104e-05,0.0009192887148709877,0.0005782920857228894,4.465328366420414e-05,0.0009036111782448997,0.00013669550726810325,0.0005715150065399485,0.0009777354157608819,0.0003613011027615468,0.0007721342712848091,0.0006582117389260959
61,0.0055251710151607855,0.0006812618822580676,0.005123852135695693,0.004046737845206447,0.004985354560083249,0.004042693350537367,0.004235494189215787,0.0005744310990887336,0.004975556362016821,0.004914786404615889,0.004956226449521122,0.003788459381851866,0.005032751631298359,0.005245460090912665,0.004927171788090067,0.0042978525536332204,0.004917307858503584,0.0047880410139392975,0.005301910427468647
62,0.0011098517410591162,0.0019634834208325912,0.00015032079125779888,0.00043176992524763223,0.00011599965164609844,0.0005538963164540512,0.00022277755851590007,0.0005114145817319601,0.0003656668685212321,0.0003082040398886681,0.00044984477285504366,0.00038664148836957976,0.0002541986928317928,0.00032613648711787483,0.0023256072537340988,0.00037029133311097643,0.0005179337508951136,0.0011188135447531748,0.0005475881577840208
63,0.00610917520993216,0.0005842592217213433,0.006766213840066617,0.007147507233507605,0.007029513621255436,0.006861887142750285,0.007052749040455027,0.0005885011394221856,0.00686087167723862,0.00690022623204352,0.006507580935683931,0.006192919842014878,0.007503474502436695,0.006662481850454942,0.006718212985904851,0.008069553396699632,0.006544397270657059,0.0064019329710904675,0.007427485742045177
64,0.0015601609299460695,0.0008830428367564647,0.0010511269771108444,0.0004446153494338363,0.0007295134296342473,0.0013238703533432988,0.0003676815865041374,0.0006666958517492754,0.0006518240048408828,0.0016021213795965892,0.0004124209060160552,0.0009103446086929011,0.00031460601917898266,0.00047393047457749824,0.001385993536007819,0.0009645916194117181,0.0002071007556066032,0.000745143019650832,0.00048318832368188523
65,0.004737662022581631,0.005253186169243303,0.004702401018993817,0.0043174435273034845,0.004133891640291509,0.0035668471232070506,0.004372003292566403,1.8317056422824062e-05,0.0031343958887299532,0.004605796744818722,0.005220441024498899,0.004197296014217214,0.002619099113607662,0.004153619319676438,0.004336361841471925,0.004505128155612687,0.003922152389492297,0.0035304739511719235,0.003973063391187214
66,0.00010699350426088825,0.0012938602983093815,0.00023085760360788468,0.00010685359107677211,0.000910532984037714,0.001313680763918105,0.0018071897399687376,0.0002737679634152926,0.000776856274591232,0.00038362571953214823,0.001331137567023347,0.0009298949284425855,0.00041896961077708705,0.00032251514002175667,0.00020960884575267448,0.0008518243908795289,0.0013403880711079777,0.001284461612211374,4.713849571587012e-05
67,0.0012067681640532241,0.002710962071688901,0.001277278386960633,0.002128198113025411,0.002017241858331286,0.0012941356601422322,0.0025907032975575352,0.00031943703014905057,0.002148354695736634,0.002339597109198537,0.003631808642853661,0.0029171466817976333,0.0020350409883336954,0.00015824961193484238,0.0027745265388054038,0.001864843722710901,0.0029720598419141083,0.0023052011407882988,0.0018697468310289015
68,0.0001779711378385065,0.001111958045719821,0.0007406150873355813,1.6806032583978157e-05,0.0009073351621381376,0.00036312341391767355,0.0005373508672890575,0.0008956554789920841,0.0005513112036515765,0.0006050743620740175,0.0005488791538544552,0.00021850916304893948,0.0007680134064906917,0.0005537445815995686,0.001573874037729554,0.001682859297493464,3.8808739004288385e-05,6.874840965356869e-05,0.000402156263474437
69,0.003104835056401239,0.001953144606695175,0.0037180723407445443,0.0016852385980722219,0.0030937012547788967,0.003600008315754431,0.0015796752550857433,0.000797168091503417,0.002020115086492801,0.0028329713941252586,0.003013201286668273,0.0033817509935560493,0.003145914799472968,0.003103619701174351,0.0032109142536743177,0.0029692865354243683,0.004332246195319483,0.002775477015685702,0.0026049607333465006
70,0.0009707398373945183,0.0004081800022444594,5.1080782469045655e-06,0.0007077065826164227,0.0001342367053644444,0.00023529988063883018,0.0007907232197739543,0.0015252712009994878,0.0003023495012281164,0.0018057281643204526,0.0008171814994303696,0.0008462976757243924,0.0006905674903781177,0.0007383555516807158,0.0005059411076376118,0.0006453270156003208,0.0008115323724014786,0.0017842245615949295,0.000591477983974915
71,0.005097463274143323,0.00034977792313248225,0.004143503911585015,0.004299746871916114,0.004818429530890724,0.004832852888519262,0.004831895441717979,0.0009588847440622898,0.004672826535028307,0.004417536783485581,0.005270891217526701,0.004737885064614741,0.0037239900890568504,0.005677873611475372,0.003949470631980503,0.0043167712048569964,0.002948423275520083,0.0047577929432229575,0.00438418539697733
72,0.0006214077221809684,0.0010500036549613656,0.0001203127790001676,0.00019379312570992976,0.001513289396415934,0.0001486006533890404,0.002038480788577946,0.0028060140848496875,0.0008573925336218366,0.0002601070421329415,0.002165706959279416,0.0012682547591185162,0.0007233039638055182,0.0001638737391991517,0.001074756275557191,0.0024127579931582056,0.0004394223376153646,0.0005328581030270909,0.0016504982121241683
73,0.00221007693822199,0.0021966834679178144,0.0023788985992700346,0.001761864148523769,0.0016616792113391527,0.0019092532353145097,0.0025869685136688035,0.00021975487832644373,0.00199489551920412,0.0020028186352037667,0.0025074863655293756,0.001432401086307115,0.002614241518463887,0.0013426918590772187,0.0008240069003875343,0.001684507576953707,0.0017954417537057378,0.001387241903708501,0.001071697361722483
74,0.0009820311836700713,0.0018325324970460152,0.0018992866039407533,0.0006585953684701997,0.0008393082921250765,0.0010625003122259097,0.0019598890561427977,0.000393699775885375,0.0012984117392520682,0.0004928133606327796,2.4574110323059308e-05,0.0003419425885425498,0.0005222975005325166,0.000747904254911296,0.0022525070805878723,0.0008220248246063878,0.0009296888174488513,0.00015050248718598288,0.0010676608333265905
75,0.0033124986742732853,0.0013111081106492038,0.004346873004872339,0.0038333399729729343,0.002950399031024812,0.00345700581335209,0.003628198759574601,0.0009394640254342593,0.0040642704982015885,0.0029267705124728987,0.004847953477350443,0.003680114214154333,0.003237809624219116,0.0034279740227349193,0.004224854869158807,0.004580993513146014,0.00352748992810902,0.002642386249596325,0.003469989452282534
76,0.0004619848000340598,0.0017765936711641856,0.0015656902976539419,0.0009437182135681193,0.0002028951941746939,0.0005782009882990709,0.00021025287852531588,0.0008797093712448129,0.0004664575481720987,0.0007263404599311547,0.0011415047235063351,0.0011719387037894516,0.0005044964086124514,0.002262562617226806,0.0010549760311788833,0.0009420470792236144,0.0014020471124108096,0.0007049395360523373,0.00021734152433309703
77,0.0030622959038757846,0.00033167586206481837,0.004696641164389408,0.0032188568388836552,0.00335517377049297,0.003814741474943062,0.0034515184831810245,0.00032174591995153933,0.0036154743712900938,0.002760451445657887,0.003439179994401856,0.0028623902594364864,0.0034856124085100863,0.002336375716420406,0.0020726672515612066,0.001714948931092479,0.003241139132029561,0.002656838531300807,0.0032245232519948516
78,3.073419372988577e-05,0.002070663476458706,0.0009520578260757858,0.0009012628610342285,0.00011870878691724559,0.0004426337463193163,0.0002717727546573129,0.0009720099491107333,0.00020415807735297862,0.0006360500581824264,0.0003623924397966569,0.0005735614770866958,0.0009210735872662728,0.0004136626577063192,0.0015453925207763893,0.0008987479917616137,0.00016654016897672287,0.0018330952920718303,0.001532208674674768
79,0.00026174742477022854,0.002422799350225458,0.0007412991667409622,0.0001856506623958589,0.00020909476885485066,0.0014245433002680796,0.000525395862183532,0.0007952661221730583,0.00100500468163328,0.0005588070013482241,0.0004478987482411108,0.0004522921340388346,0.0007470876736229737,4.478001175008556e-05,0.0014176302185747501,0.001818977871311069,0.001034155815119313,0.0012503085813094432,0.0007236970393813266
80,0.0005263238992121056,0.0004407366912477907,0.0011636536503203867,0.0015511665794260678,0.0007214957925552853,0.0007593109425022442,0.0014713735965246903,0.00043141555962627874,0.001607053153409854,0.000928766410818149,0.0015752187837716452,9.436040331229897e-05,0.0005887313298466732,0.001365228308063911,0.0004951910877509455,0.0010104799696724089,0.0007645878130427516,0.0005418396034245468,0.0002845345723719782
81,0.005221258684674847,4.457601632383102e-05,0.006277646004845386,0.004821567246645593,0.0058108316934181396,0.007438066265556077,0.00626134221396524,0.0015163781522701785,0.005916492747762649,0.0060669128655590175,0.005523120127754644,0.006227564933465026,0.006675128380679015,0.0065576732360662715,0.005407972778566783,0.0059738967237590625,0.005407806377471523,0.006682659802830991,0.006540629055446543
82,0.00031039950210674506,0.0014925432729131793,3.997658199880523e-05,0.0003762293266414897,0.0011630366491715343,0.0008293966967856897,0.000508655806530896,0.0018216143621836132,0.0008781621628484728,0.0003711135975910064,0.0011006341083198432,0.0008755640931434167,0.00022902902227284295,0.001284607621620143,0.00021430989812349082,0.0008851365997538234,0.0005402134791641466,0.0009110432244539215,0.0011499133823583607
83,0.002149355773881704,9.79849124507741e-05,0.003876305806939965,0.002733131722443947,0.004191481227510877,0.0037472545670276833,0.00231699901457849,0.00038574971245351975,0.003133571823336846,0.004227523130222703,0.002994106683021045,0.003551662103950012,0.003460852083789074,0.002817693439727215,0.00258508107383191,0.00333188563011372,0.0034618099836323294,0.0017504586532137614,0.0031061646865457523
84,0.0005574912250014344,0.0007951255073024321,0.0006824641817815301,0.00033161198613450337,0.0007590932255654055,0.0004843194208795174,0.0009928776851466214,0.0003383266621653766,0.00013127840790947115,0.00033259400550256365,0.0006155076797794974,0.0006513267173618404,0.00012639358689106123,0.0005946992473888555,0.0009940404272658432,0.0001317401842039833,0.000375640942429143,0.00040493536677270724,0.00018861222773658415
85,0.003798254537365644,0.0013238472038161054,0.0038153053505518134,0.0043945850186444336,0.003529224552508144,0.003608589614845188,0.004785465490515138,0.0010269725052506609,0.0034381005501692465,0.0031774493812616214,0.004540408348554741,0.005630473034233963,0.002849958524058972,0.003247854430063613,0.0029980226388073203,0.004513779141473742,0.0039207129350957645,0.0033138892191757895,0.0037334105855163667
86,0.0010075656271869185,0.0008794230389166044,0.0016564643193686648,0.0017079990255270197,0.0011444087402142354,0.0025453973349903406,0.0020513168049690225,0.0007461217976466454,0.0013503746605460646,0.001015129944585578,0.001279909696962509,0.001840409435534123,0.001761783945596164,0.0007571303044354654,0.0005316359194815403,0.00011631552071371492,0.0009242717957505089,2.569380108804499e-05,0.0003838121221942087
87,0.001929647959838274,0.0007131493260232122,0.003688429255488208,0.0015433548222868422,0.0024059013625950987,0.0028678864503158923,0.0007793833296923338,0.0008714872655200308,0.0021682130595439804,0.003553470152463913,0.002966294832896122,0.0018344831206503448,0.0021868056868949723,0.004040538834979599,0.003988581267578931,0.002196133892921596,0.0023899478699162353,0.003435126936117268,0.002918457895087456
88,0.0008537889995898679,0.0002717583715532396,0.00010330004761365624,0.0007251989692290093,0.0006807164521013611,5.040412069809685e-05,0.0001010860085837634,0.0007762849171076702,0.0009226735506248358,0.000825921740595919,7.141887142884128e-05,0.0004056047993632797,0.00017655288290327335,0.00013321547980608183,0.0012645445637345964,0.0013152538178833016,0.0003612074289519942,0.0005332423086343974,0.0006703510604777573
89,0.001944252997173665,0.0002971859566252714,0.0023260320954330053,0.002195141874004149,0.0008832326133807651,0.001477966683618677,0.00260172771561792,0.0020405026702658914,0.0017048699895879115,0.0007937922941602971,0.0011423794278760187,0.0011916082436143683,0.002089222946120618,0.0009581143865501742,0.0009222423949555965,0.003731677204382526,0.0017297965192030291,0.0002003798718576746,0.0012000587025653502
90,0.00026796993657010577,0.0011692056499408795,5.9313227113129504e-05,0.0011048069863979384,3.6402756323966056e-05,0.0009777643139098325,0.0019978563586478693,0.0009596014545460974,0.0014677107226748003,0.00042859451513102505,0.0009249288407028408,3.3875381660447444e-05,0.0002832077579476902,3.4016576815380956e-05,0.00047770516984564247,0.0007976162881800585,0.0010644928186786828,0.00010603396840188272,0.0006973034992841461
91,0.0038638111193058933,0.0005406387598346249,0.004454184797483453,0.003366384438785325,0.0040424716991733015,0.004720593943440325,0.004350320485234593,0.0007428557678699483,0.004654502619768108,0.004320266131397593,0.003461382068650088,0.0038374824181146706,0.0036198712547785656,0.0031723644133738686,0.0030406050322960834,0.004490782832407042,0.0030509478640902035,0.003063966112858039,0.0037847352393216727
92,0.0003458192110249781,0.0018896725391608761,0.0006677382241442701,0.00025689393201167943,0.000292754663362227,0.0003054093138648872,0.00026477280798781417,0.0010386918798970927,0.0010750595468610054,0.0016341818974518606,0.00011284584702990384,0.000187210857451447,0.0006800995722409633,2.8612961107061663e-05,0.0007533990064818481,0.0011731531521073871,0.0004192788732019366,0.0006326500601416161,0.0005743273521578164
93,0.001580154669013896,0.0005361722197028819,0.002507250773911412,0.00185097668681269,0.0005319033107261109,0.000934055633204307,0.00152153091026368,0.00030368375370716077,0.0017617229209502742,0.0006438103504516758,0.002333875616363884,0.0018019363290533606,0.0013713816905617827,0.0004612153492207344,0.0016383145439858979,0.0014553093258192883,0.0015055949959436369,0.0009501100138646686,0.0005623976550396452
94,0.00094062968042748,0.0007134874619932267,0.0003940885052031745,0.001285626276950596,0.0002454630763436934,0.0004722722946111169,0.0011657402788131017,0.0012895052788533053,0.0012130026134715313,0.0017060574162768851,0.0006783128988575173,0.00011773834238992719,0.00045193981085043226,7.438811300244859e-05,0.000877503319366471,0.00015896663392038021,0.0008537171339545945,0.0012240440879261862,0.00195947538394075
95,0.002339130910740432,8.647480698946982e-05,0.0023137148336282273,0.0009179743602383398,0.0019252586778393014,0.0011713053002938856,0.0025198399868880993,0.0007030664873354874,0.002360363462505491,0.0016947709620758406,0.003516771115254081,0.0007591447406799778,0.0025526925535067973,0.0031944556075502776,0.0021475236352804976,0.0026580392384067688,0.0028617509927857387,0.001928666336794682,0.0028613560680178394
96,0.0008452897638741959,0.00020524966630404963,0.0008966756796869685,0.001330079029561973,0.0006554883239673165,0.00149604121748397,0.00014186483526191178,0.0009619584130067443,0.001403828180087691,0.0004894713422264549,0.000267055798761004,0.0016337535082664625,0.0010530751464946765,0.0006060416739747328,0.0006495438366619889,0.00027298894518178207,0.0017698376137162694,0.00032889667300477926,0.0012122197994390105
97,0.0023039343999721384,0.001454351226373582,0.0035903478940347714,0.002643947768433857,0.0035086348835902097,0.0018404273128335747,0.0023163257635486255,2.4667352818153463e-05,0.0025939536910727047,0.0025808843870738117,0.0029495532285918834,0.0026336473236628845,0.003058341742044936,0.0015751503597930927,0.0021651865629206133,0.002340995164494094,0.0027972213864963795,0.0019577848384977415,0.0030540085197972716
98,0.0016928813799059579,9.921086591459199e-05,0.001063497885465444,0.0008305266018941931,0.00037637732112732867,0.0014500231725281135,0.0010453105207386276,0.0009068420080549643,0.0015500859902444202,0.0011661940796884164,0.0015160480474165504,0.0007595470102858474,0.0003051948612328059,0.0006496267749282302,0.00046560555912100087,0.001542284245199721,1.190406370431653e-05,0.00039391011894481773,0.0003887627841394685
99,0.0001847224108871987,5.4115007177382725e-05,0.000680143573812655,8.738603830722797e-05,0.001013341141828085,0.0005708999345047184,0.00014684159867470065,0.0005230411462022388,0.0001223677623798333,0.001250002175198918,0.0009588518842624977,0.0010735915869005885,0.00010356928736413605,0.00033664080288764024,0.00024412975590126136,0.0008541304030492254,0.0006512387100942353,0.0006709244702543798,0.0007106993985118118
100,0.000900271751467315,0.0008479780369722826,0.001562961308943046,0.0012531250616626105,0.0005040554853292543,0.0004008241744814854,0.0005638660616430462,0.0006639971487325375,0.0009393342540725312,0.0006383401196601695,0.0006263234369527556,0.000272183188637313,0.0005821191487134915,0.0003380160031838655,0.001577641319181293,0.0003209090566669858,0.001331166376288091,0.001101002864080991,0.0014818137978447584
101,0.0010049784288428123,0.0015393952122567962,6.713086186735407e-05,0.002584926051099352,0.00019248282066747056,0.0012568399738364282,0.0010707340701808141,0.001765551562884914,0.00029616435921061705,0.0011635357045773995,0.0011826997555518443,0.0007469552689503331,0.00012409819361352818,0.0013300618416726934,0.0015567958169456291,0.001161597300602495,0.0005985325067713901,0.0004901703069343757,0.000649561926128272
102,0.0003932659902184394,0.000962611788269794,0.00023917859975707866,0.0014311059248345106,0.0005957546966240243,0.00019223500631454472,0.0014667082454391555,0.0007605394611070281,0.0016322341935249007,0.0007843506963229202,0.00019619041389435442,0.0018032034499607776,0.0015297748055535126,8.550464760939195e-05,0.0005389492107132853,0.0007467852010424603,0.00019547352659185467,0.00025157623763203806,0.0014497511751189747
103,0.0006916023022114859,0.001656859112879165,0.00114514710641887,0.002658593847516954,0.0011785775638196304,0.0013540133037199375,0.000824697955382811,0.0014894633160715497,4.3056855323340294e-05,0.00110702666285118,0.0005412274175929521,0.0012734235662050727,0.0016176133493815404,0.001307355752273662,0.000849414549087015,0.000867818538877669,0.0002339718814076569,0.0003238143253067934,0.0006530658594003336
104,0.0012863362993828416,0.0020717683190071955,0.00042032361598393623,0.000995903910669082,5.862814269133246e-05,0.0011279997004116863,0.0005045331508239482,0.00036750191747169877,0.00044499914438389266,0.0010696752845794947,0.0005780271252993286,0.0015310305937688913,0.00018919534165756887,0.0014795709614538611,0.0003655144607804146,0.0009029084509216158,0.00041362223307715566,0.0005727031450148988,0.00012830708809727216
105,0.0010491504213408845,0.0015196720311435928,0.0008434320849635805,0.0009428828345685675,0.0017398329613022812,0.0015974941896680168,0.001841047749387328,0.0007247442057378944,0.0007517957705972126,0.0003551090771257608,0.0025681916295809985,0.0010197503546286123,4.163246483491896e-05,0.0018060385170994798,0.0011409449016626019,0.002262685525184223,0.0013057479996763147,0.001322218090514428,0.0002689044136339166
106,0.0005213729835941473,0.0013587687624488352,0.00038977214702788415,0.0010655230465801426,0.0014179880392556554,0.00027223414925890943,0.002246585825816147,0.000849536966980912,2.180920553357786e-05,6.376173481905302e-05,0.001326013143273551,0.0011592315637253487,0.0010039041724796154,0.0010588866861619209,0.0005450101155295688,0.0005804149930203893,0.0007288354382005996,0.0006271161277626958,0.0006975557033611799
107,0.0025909815406860654,0.003837030153413514,0.002426657126869918,0.0021770367665348996,0.0015943946425286237,0.0038519952416874196,0.00345519248166817,0.0007046369044171811,0.0034799167167971607,0.002872369590032394,0.00251357174115696,0.0029833182259561527,0.0020837067972371004,0.003369950874536369,0.0009867201832897332,0.002540063360210521,0.0037215027338435066,0.00403782521883112,0.0027123614567103427
108,0.0002550988032669606,0.00017971452494044897,0.00010119061310596014,0.000601648261375597,0.0008224911595345449,0.0001776622004924063,0.00019189300628210534,0.0002623660229216429,0.00021888735968720224,0.00014317025730600837,0.0013009538063239805,0.0013898384581827264,0.0002468132864866791,0.0007188782594098399,0.0002959176548852946,0.0016611457682851694,0.0012642646254480557,0.00017338804669584317,0.00014253334032102142
109,0.004101348466164849,0.003695915686777564,0.004260585910846642,0.0017545097520577722,0.004379594985926443,0.005706199962652962,0.003709200449224471,0.00045764488031696326,0.004254502886229756,0.003842990260802362,0.005313359704054673,0.005042437867826464,0.005330943302817954,0.004152687616411555,0.0002411668075431591,0.004618423745999289,0.003953525167347916,0.0035580783841103426,0.00497662426547559
110,0.00019356418590827593,0.00042396232703357747,0.00019698952794865933,0.0023108491694825315,0.0015568925901881209,0.0013646422641666518,0.00019986653966763622,0.00046751476570119796,0.00016670419069888525,0.0005510150307926396,0.001548927720445331,0.0005152720490500109,0.00021069987141865128,0.0012265018345042665,3.282556520673786e-07,0.000914922684158129,0.0012375738232894555,0.0005044534586401265,0.00012743371771057843
111,0.001242609754362207,0.0025656391639077205,0.0020806000818206992,0.0005184211316835596,0.0016854548967983078,0.001830036072545557,0.0011522703518965962,0.0006690828060435947,0.0017340078574930539,0.0015513004719677236,0.0014413390965693506,0.000384672501322283,0.0018689733157869572,0.0008063871238643234,0.0001239941841078948,0.0012003262694021293,0.0011086967805808284,0.001830159187074343,0.0004633490060994669
112,0.001259657624704341,0.0004589475537829134,0.0010498107039935767,0.0004364069426132073,0.0007849061541724045,1.5932623037674474e-05,0.0010478163495905412,5.779207935289198e-05,0.0013435753610952395,0.0008404758570587564,9.663092545677369e-05,0.00022537723021276627,0.0006307421428294083,0.001610017381758065,0.00016853005310326434,0.0006927734528136837,0.0007528551486374733,0.00013119817889221684,0.001577558934847646
113,0.0023220389918727036,0.0013206671602024142,0.001223268542415025,0.0016346171102896156,0.002689426113434967,7.184978671519095e-05,0.0009508997293483215,0.0004981540495954679,0.0012130744295805766,0.000745181585326283,0.0016204848611531728,0.0011658702255782352,0.0013505930527545698,0.0015917247037484873,0.0008433766367804065,0.001746043285786681,0.001906632841144594,0.0007583312617829056,0.001435787008590673
114,0.0018527655473392609,0.0022828529005963797,0.0012365403504888204,0.0008925440466569542,0.0012790039904115981,0.0013795763582754926,0.001987685891647533,0.0012881809215719935,0.0007870848724399225,0.0023043028502390773,0.0012303152236182325,0.0023332025242908954,0.001378701336458602,0.0006687695987997801,0.0007155805708803394,0.0011695397154501874,0.0014396663745243161,0.0016276946789011263,1.1048766188335921e-05
115,0.00020077222909702599,0.0017500770758503766,0.0015549053019208513,0.002288987768614835,3.893810162803011e-05,0.0006054712381390729,0.0016291261876443268,0.000894043013607409,0.0013138136650518249,0.00035554102501312624,0.0004816421995013848,0.0008996773973609281,0.0006941747433044789,0.0012757610678974874,0.0011369497493274653,0.00038942071708673084,0.0011820762085970307,0.0009299904022439638,0.0007630842208257325
116,0.0007631522150865493,0.0015371748670018372,0.0006937074993355204,0.0019604683898482743,6.331188376916686e-05,0.001080276168938463,0.0018615273940502536,8.656369787166863e-05,0.0009139823267519422,6.731262916068104e-05,0.0010444650817646752,0.0003138778566340084,0.0008854848329657926,0.000887244906803725,0.0003768518081373889,0.001242309890894321,0.0005365888042329386,0.0005811074173751741,0.0005665270091000654
117,0.0012595650183662797,0.002748484877731928,0.0008878598383976274,0.0006129045759882281,0.002238222994593691,0.0017958240116176356,0.0021068511018764217,0.0009571654793697317,0.002281024690918837,0.0020112758148489356,0.002204804596629408,0.0014322413124918255,0.0019935020986375624,0.0025716416334557626,0.0014662225683418238,0.0016391953945798859,0.0012058500893201078,0.001331624468847583,0.0010922998617973053
118,0.0013561191615652055,0.0001897860052401238,0.0020471449571563324,1.0630243513669854e-06,0.001279006551981611,0.002301325020788609,0.0020472577372402235,0.00047157282415661634,0.0015951632886769406,0.002667149003149856,0.0014083954104086435,0.0013854948634177092,0.0015228821977610627,0.000665732657201065,0.0006492503688633935,0.0008883600702058899,0.002362763851044258,0.00047627901702559813,0.00041172174108857336
119,0.001037223519573729,0.0012763769904676476,0.0017176475519111534,0.0018056367480886388,0.0029630615859391044,0.0016986166901031595,0.0021913941072693875,0.0014056691958619016,0.0020502337916558926,0.002822789802391932,0.0020536829903988877,0.0013570111926203099,0.0033874053018381743,0.0035471387690288385,0.0012827712829511892,0.001280320851661553,0.002931315011913526,0.0002469560194749381,0.002171019862105321
120,0.001160222839902268,0.0007621888770932753,0.0010310768568630394,0.0001696825570454019,0.0008171769201673814,0.0006671634518473237,0.00045828139213610424,0.00043432510464418524,0.0007243496176330361,0.00017115780216144416,0.0011294690077202473,0.000833531100178823,0.0008260374946222567,0.001079655057927535,0.00018699140985712777,0.001925599134317041,0.0005786179381985265,0.0021503697099290956,0.0005937009488422489
121,0.0005962094433067905,0.001917444931493711,0.0007393299831318067,0.0005299465773483194,0.0005924276894956521,0.0003145304936018715,0.0018638972379485632,0.0009671089487155609,0.001863678296904403,0.0013202958131488518,0.0015440484708436016,0.0012377887664068066,0.0008583360716063208,0.0018534180013200442,0.0006260359142575809,0.00030162275981380343,0.0012900417385150731,0.002630531628709303,0.001777358853904323
122,0.0011533712467201415,0.0017629946805395133,3.2270888455406845e-06,0.0011431156561893707,0.0006804120123710475,1.6258595789603635e-06,4.8072221188015843e-05,0.0005496861386777167,0.0015422484546530452,0.0009640278020627245,0.0010417188264720044,0.0005793026561977814,0.00025185810167328084,0.00013078940292243543,0.00010348402550624208,0.00043996457046133663,0.0007652237549758004,0.00010385374494081752,7.505407171376644e-05
123,0.0009518272515778416,0.0007963008430046751,0.0014870134733346206,0.001579262968990283,0.001821237815378499,0.0017417708430897277,0.0002977386064206841,0.0013501492823857289,0.00032273450657694215,0.0018534449339557748,0.00175619159246836,0.0011525012490437633,0.0009291335159653207,0.0026218445888780517,0.0019987175615588677,0.00010634072117035351,0.0008823466052124634,0.0008996161294609899,0.0007919604886074574
124,0.0007816939379863828,0.000356063425793949,0.0014597557029477598,0.001394541242517647,0.0005595196057677946,0.0006015578014357827,0.0016037285556924558,0.0010466387939960541,0.0012469400225139586,0.00196214724068368,0.0016173207881137444,0.001115169600291761,0.0010210259043075133,0.000606112331038353,0.0006475387939547437,0.0006170970266027812,0.0006521899496562791,0.0004303513135745227,0.00031677905689896107
125,0.0013924276783620424,0.004361207420596863,0.004469079582636309,0.00011442572921229366,0.003988484723451914,0.0025230826067479274,0.0037330954474475127,0.001520843636290782,0.0030009919081145325,0.003725541041059914,0.003764834062409922,0.0034687234655325643,0.004338375698941726,0.0024510199477141737,0.0003083676010105466,0.0032897561801585457,0.0033697408505931384,0.0006333006153123327,0.0021137627822957056
126,0.0012516340547585713,0.0009118939230013846,0.0011956668898270271,0.0009914959994476585,0.0004029017374298505,0.0009345809239081782,0.0010535162425000164,0.0012492725226709955,0.0006909392400223709,0.0004185130981840797,0.0005608681493681967,0.00010590876972271134,0.0003919354235849149,0.0014052785051203666,9.645055941978239e-05,0.001365094851084592,0.00011692444981869306,8.67950574915447e-05,0.0013076239983812572
127,0.0016110249060722797,0.0009581231952763677,0.0028083539732082236,0.000647293690308431,0.003827098810442693,0.003055107537263559,0.0030586526015268407,0.00011350428878360582,0.003832322150655367,0.002292897035141969,0.002940474781954731,0.0035685576430297744,0.002922424092377572,0.0033925532171083235,0.0016460216750418376,0.002899882553823594,0.0032309360783222838,9.271661124276083e-05,0.002089262758811667
128,0.00045386222139708857,0.0007974916565695191,0.0006664716991902993,0.0015368785026135165,0.0010656033927346781,0.0004807329637121883,0.00012273478391487555,0.0008463476561971928,0.0009441014114299822,0.000534372481671826,0.00027285270501834,0.000732212951650557,0.00019546571373349364,0.0012730819910475877,0.0005219142705305508,0.00038957823637785936,0.000988495565411542,0.001066723743574705,0.00195388565060424
129,0.0012753491936284829,0.0024052566345501595,0.0039001977474487554,0.0017640273533573632,0.004248767143572165,0.0034459703225260914,0.0019653302617420438,0.0019468886362782108,0.0030388709118823,0.0035673228548182903,0.0033173999701486146,0.0031186548157485804,0.002750169570554667,0.002203578332857707,0.0009715453253450105,0.002572337102292382,0.003037778096258919,0.0014208109963392104,0.001425152953190867
130,0.001015585573264881,0.0011612466773568177,0.0017048424181931128,0.0013394177921662077,1.996328316658466e-05,0.0012506378603648935,0.00030281715982484226,0.002247810994262371,3.316330410632911e-05,0.0002630432160555495,0.00028585773324827225,0.00047205996504187843,0.0005735915123022781,4.814572971836056e-05,0.00024083126456539723,0.00028778646513132766,0.0005761914169938019,0.0007462405458644172,6.927481532392487e-05
131,0.00072257425978621,0.003102498694899367,0.0023434664975639937,0.0018133460241383315,0.0033286784456492335,0.0015071796763798425,0.0012085192294759965,0.002467572352614003,0.0017636401407678502,1.099600334774915e-05,0.0003089359570140551,0.0031085048800959083,0.0017178683321581378,0.0004253153232141782,0.0011506019659603068,0.0020142780517219527,0.001287542403931297,0.0012368018715629594,0.00022503815710105365
132,0.0010617982520220136,0.001084555900484891,0.00014364513203225367,0.0004566635788571427,0.00046622836449493446,0.00037069047401116974,0.0007251383932090043,0.0015044686023114055,0.00038192583436866436,0.00067833633834622,0.0007221573993915207,0.0006796962408865985,0.00015119180164865255,0.00046539880809030984,0.0004304961504615572,0.00045047460952429467,0.0003926934384099665,0.0008986082856067193,0.00017908036535781038
133,0.000693393002064716,0.0013779040549721038,0.0023281349906619873,0.0007196263725019609,0.0007248926010845671,0.0011482465565913695,0.001431357237929379,0.0020323204086874452,0.0011121410279689857,0.0022136080206390132,0.000343298239828579,0.0009105807436972692,0.0011530479188741865,0.0027015274659510976,0.001239350159464171,0.001472906189488404,0.002051519315956103,0.0008920923896392257,0.002586403246934265
134,0.0011597828856132677,0.0018079441692697247,0.000535933445629941,0.000422489359445348,0.0005081193741076188,7.61233008797975e-05,0.0014965700762764932,0.0011362802364030494,0.00026989580236919905,0.0008216525824456297,0.00029252914107785375,0.00041556228964398584,0.0004872378213304121,0.0011220312448331497,0.001018704293660049,0.0005363872261909366,2.5958785386880756e-05,0.0004902164728066701,0.0006484755004027737
135,0.0009385770367994097,0.0001152228219777063,0.0004545323439842284,0.0006707802527247776,0.0014637897597936157,0.00197300164087416,0.0012905688001689662,0.0007810214171934215,0.0015788400619838616,0.0016254291456621018,0.0018823924860425657,0.0014329811061018999,0.0010531272337403659,0.0010639100855328802,0.001506442922917189,0.0015997150259651682,0.0021460005164700385,0.003005389651086484,0.0021787847099792256
136,2.3390833029840073e-05,0.00041737192111109846,0.0011434390211959966,0.0010780997268029621,0.0009115392033189879,0.0008970626414437875,0.0006976874711220882,0.00016933111239246962,0.0014548402785986665,0.0003749201795721511,0.00034519483410578764,0.0002656529384758191,0.0008136649366026812,0.0014791552630957973,0.00011239624359564273,0.00034117213788568745,0.000675632473673123,0.0007592866908868738,0.0012134328113634534
137,0.00330302315751582,0.002707825227262984,0.0018386008217424054,0.0007709512666712173,0.0007638025902193424,0.00185875626906015,0.0022560971320241237,0.0019379347155812027,0.001375840942983029,0.0028592671196309796,0.0016324257089084479,0.0003586008475602773,0.0007325321418624826,0.0024093501724986267,0.0019443899617481142,0.0032263274603127555,0.0014260901053377271,0.0019960150835137145,0.0014252717884438025
138,0.00015177736269603683,0.0005613846105753894,0.0002999926590207591,0.001637491687821451,0.0010218795324451362,0.0011296920478791994,0.0012545065132787527,0.002496811582796418,0.0008277267978571683,0.001125363473673648,0.0009189638114910118,0.0003183965496931558,0.0008304921077400159,0.0011457665832713914,0.0016687326118357791,0.00037832709713116566,0.0004505338879300595,0.0007833109827051818,6.87870174760281e-05
139,0.00034754717647977255,0.0011827897722127307,0.001383251053366693,0.00022880393713142752,0.0004350554856156683,0.0004443616031514592,0.00040185917106768906,0.0002271232618284919,0.000916728217486701,0.0014805414930803736,0.002017239363654316,7.091977900730678e-05,0.0005803242702153981,0.001112808895705515,0.0006636526729112743,8.497068212958054e-05,0.0008780820312416255,0.001247240710301052,0.00013570041095142466
140,0.00023933174241487214,0.001719071564575529,0.0010250343362850016,0.0020556153780085062,0.0001319340292161816,0.00014262699262280353,0.000543470705944281,0.0014203874362776249,0.00034604323733473404,0.0004809048299059883,0.0002183666344567515,0.00027017869221707586,0.00026476723394743955,0.00023159440389941915,0.0006058798051635199,0.00034257029151012577,0.000741067600857126,0.00046942897827385464,6.130783230540557e-06
141,0.0011787218147571203,0.00042295905317755664,0.00011545187181352349,0.000744431115823528,0.0005483718851851054,1.576388806262796e-05,0.0007016421159495969,0.00048225324475372237,0.0015020396330126028,0.0008332698772573521,0.0010490338978822848,0.0008690427413727734,0.00027203390758815196,0.00013918678054363002,0.0008711082836275039,0.001055462501906987,0.0011341333928737108,0.0016223783098778576,0.0014969068567418128
142,0.00011838567202966271,0.003642583334127602,0.000536368908203244,0.00126912117314049,0.00034477880983516774,0.0002821529505755291,0.0012363215549730728,0.0023303179879767253,0.0007677376182999112,0.0002604584175379338,0.0006754991659151699,0.0018036787277468617,0.00015074309263896549,0.00035389728026306757,0.0015762314812213013,0.003351647702129028,0.0014102939174794292,0.0020096449802765198,0.0023601866564395848
143,2.625646979704048e-05,0.0005133820793040185,0.00015249901306130963,0.00032491558578262364,0.0007277253172121522,0.0010007123193445829,0.00026996933797901864,0.001559324632217037,0.0006812437000461759,0.0003952423307556075,0.0011320201371318507,0.0006024460338058078,9.373192447152974e-05,0.0006375167792445204,0.0014067636660029244,0.0006051038834502247,0.0004989452111503032,0.00032417744995823596,0.001424477179385772
144,0.0002130522163718875,0.001329430122160378,0.00022859129661925002,0.0004993203337179033,0.000245227600119147,0.00032265285797875525,0.0005852966383791272,0.0007389933053441654,0.0001753449033845155,0.0007450643486210845,0.00021976688497888147,0.00038953635210494574,0.002069473339383832,0.0013523137743254956,0.0009754463096381367,0.00262662546773406,0.0005291212593027769,0.0013834868262116245,0.0009951265828097896
145,0.0016933342258696226,0.0008773623081927002,4.681330725907985e-05,0.0006260815360172031,0.00017453466270707924,0.00034738306978752736,0.0003468369198695159,0.0003423703531126504,0.0011821409610884208,0.0009289742532028156,0.0010937458330698123,0.00060412025461894,0.0017959067790556092,0.0016676040626079764,0.00021901785049193096,0.0011612590675292946,0.0005261978134045219,0.0007597848061748882,0.0015452644795759464
146,0.001696421783073079,0.0009405384501462872,0.00038447847791196445,0.00018537205629834056,5.647349030174662e-05,0.00040733610609487627,0.00034566532489481926,0.0008779668718417289,0.0012808172537313446,0.0009755516274626486,0.00021518674589627757,0.0001512168105799128,0.0013627207744020308,0.00015471308437282988,0.002144560383696121,0.00025353733086311546,0.00024717164548905665,0.0010180069675604282,0.000980319753728265
147,1.6886160839492275e-05,0.0011505221929949737,0.000129194022684513,0.0008178943894083726,0.0005740973376353795,0.0007568151283822625,0.00038775614673579686,0.0011257522450662707,0.0004771590449847,0.00031999095546824383,0.00038296448330498773,0.00040861857719894106,0.0005015692165999152,0.0005174528476671769,0.0025437427295561857,0.0016947735159305417,9.950546031233049e-07,0.0012429037910130756,0.0009387226982314665
148,0.000500482463263234,4.276542486061948e-05,0.0006484425471205772,5.7638664182435585e-05,0.0001921961609238187,0.0005776909472992057,0.0013038004382110596,0.0002895554404398318,0.001953396065313721,0.0006350955297608397,0.00011260045914176383,0.0009190640231120929,0.0002729631031564213,0.00017493828488841887,0.0013721659899078463,0.002057724450666861,0.001466211006224297,0.0002368312076150751,0.0005818569782466587
149,0.0017571745025054143,0.002280766160859564,9.391879988204908e-05,0.0012753114932534766,0.0016096488939030395,0.0008977824711058052,0.000320311175791767,0.0016791827530343241,0.0017120331467878494,8.160337353274531e-05,0.0020628831593041273,0.0015156856215242486,0.0007729008059936766,0.00047772848791722904,0.0017131681919394853,0.0011518517483810806,0.00022078643187769677,0.001897477839430394,0.0014896311003763157
150,0.0025712850527442373,0.003141895337886593,0.0015643561338321372,0.0012773891518374114,0.00019339661974214072,0.002000019650979743,1.685671838518076e-05,0.0017666420886415775,0.0012872388913382352,0.00019189971581685042,0.0001327121561429301,0.00041673371319734924,0.0009319843795500381,0.00035319105545906344,0.002165945585084579,0.0023761910421028366,0.000292360183262614,0.0016377370703906334,0.002292887776958239
151,0.0013272187086838109,0.0014177520747536063,0.00112784708824992,0.0014192219722098012,8.44971723764453e-06,0.001589905301807661,0.0016295665865803202,0.00116949543641088,0.0015771252929556879,0.0013505440883276175,0.0011151525766010034,0.0007491011721131452,0.000566213433412857,0.0009869298505715688,0.001029619164896536,0.0012452229408840155,0.00020607080246327642,0.0008574516370931159,0.0007565384077727876
152,0.0005853872112663938,0.0011238903088947858,2.2626772798135878e-05,0.0008805105337837819,7.86117694646778e-05,0.0005361714694066143,0.0004495222270260952,0.0013488464550042737,0.0006653093917326615,0.00045855384813031234,0.00043315397406276516,0.0003105749315366447,7.078554547802876e-06,0.00015055404787375233,0.001691116779382165,0.001567231759204389,0.00027892497156749367,0.0004143890386732084,0.0011502342392269273
153,0.0007780608126907168,0.00014183730582062782,0.0015195589004373359,0.0008260153097232004,6.508837308451586e-05,0.0006317404020929565,0.0017579229558999589,0.0014639329619243581,0.0012718623368817657,0.0014661807182221585,1.6903587728263132e-05,0.0012232744289185848,0.0006122517271957091,0.0015541889272573336,0.0004005109720664535,0.0017239002041569372,0.001579205932734973,0.002602327477753528,0.001820805823303246
154,4.319854810290443e-05,0.00047660482447467846,0.0003149560008937815,0.0008745812971393261,0.0001257543590622355,8.184979752324443e-05,0.0006089971387640199,0.00030182509461568267,0.0008089461376038187,0.0013882818129940762,0.0005396815961139517,4.873634929591168e-05,0.0009622152106626235,0.0019541613188651533,0.0015409861380480537,0.000750718367335746,0.0006840642810855023,0.00116130834185925,0.0003284088512850358
155,0.0025625641296676076,0.0008442733722092518,0.00016977355628083307,0.0032717672087090714,0.000936268968568961,0.0001316286073090336,0.0012912637791303967,0.002581413406582642,0.002626631837564575,0.0018936313687812744,0.00348521568352906,0.0015733150965224747,0.0014841589830876922,0.002365464019079438,0.002551039860344661,0.00271214537669102,0.0014383711751802199,0.002117672266723064,0.0018098448043213956
156,0.0002007330475454422,0.0025941817839763574,0.0005454446637068529,0.0008419637199748792,0.0017566806146325751,0.0008564937407041155,0.0003375200325119694,0.0015128209074782508,0.002264472306798859,0.00022044614411132802,0.001662377895336504,0.0006153518585820977,5.726274459082178e-05,0.0006887084659073403,0.0015572505961007318,0.0018071314189978943,0.001015309852591894,0.0013124008004022287,0.0015244021976377569
157,0.0003640237632074941,0.0019633651384330674,0.0014549073671692183,0.0017004991364475035,0.0017889577991627315,0.0007685315317279457,0.00044154800297813146,0.0005427332711320756,0.0016935279170721112,0.001942057503423659,0.0013201512739799204,0.0011504567652012633,0.0019371324490666784,0.0014034434406224557,0.0008398736074715456,0.001532688649290336,0.000550526002468764,0.001906976172093797,0.0008184767548968554
158,0.0005226299777866415,0.0009655967087905073,0.0018037553399980516,0.00035268982945791066,0.0006580203808920508,0.0004491755405344159,0.0016235224065837162,0.00012362778850339622,0.0006251305869865271,0.00027439813053451025,0.00029513989515344354,0.00125458171354445,0.0008510034719884764,0.0008964557871815142,0.0006688086061345319,0.0008716722193995813,0.0013898897300720896,0.0005412670270408609,0.0011861311948227781
159,0.001404556427676627,0.005297400293132676,0.0025301037043958976,0.0046709442971471634,0.0017700439100263603,0.0037956699857014603,0.003969281227936203,0.0034760627827752316,0.0044712685493581246,0.0021542642647887147,0.004431982931623984,0.004116735420215478,0.004637378546720401,0.004397440317609539,0.005056715457278421,0.004833905826266002,0.0029734759448434064,0.005296639050516145,0.004049864719242139
160,0.001059838178653108,0.0006607566323899137,0.0005751494768822869,0.001067490312375068,0.0009251305167225629,0.0010945548292191811,0.0011408818559090954,0.0015842369751509614,0.0008702806453939362,0.0015512709991899205,0.0012026126807131428,0.0018561339184780658,0.0005959167730281345,0.0009542235926265514,0.0015212350821802428,0.0008544627545069559,0.000740811967514032,0.0006836243601490454,0.0007646061065267876
