1,
chi_square_10th:0.0,3.7504930376086444e-06,0.0006304595480785953,0.005995513143987289,0.019738942967143513,0.41497366527495416,1.3256632755935844,2.0798906288062966,3.84854294027731,22.57069842499295
t_10th:20.64195252166668,104.13354113222223,124.40756745722221,125.04898001444445,132.10247375444445,164.76901205444443,245.45444646555546,257.1855271833332,312.33809878777777,15009.44840586869
rmse_10th:0.0,5.5613009678815917e-14,0.0003159824465864634,0.00218995846968379,0.009241400638594223,0.12323508117167267,1.1687634595383287,1.729315091150436,2.492564688363319,4.870606813855836
2,
chi_square_10th:0.0016947161007255115,0.020048470518309477,0.09200906531725186,0.47137904134411424,1.4972592120831425,3.029904131230894,4.643595636188749,8.789662899300266,25.074910655891706,35.62132439735761
t_10th:199.70121049166664,290.20620947388886,297.9210678683331,301.5283643016668,325.63018427444433,491.47745753055625,571.9387807800001,691.8103828877777,755.1020737344443,50857.94916123638
rmse_10th:0.0005420387952546779,0.003624737762526883,0.045558224722818265,0.22055408880704436,0.43339630055850853,0.7664220394043181,1.5120262978891237,1.9117383518135613,4.3928105936292,9.363252541212823
3,
chi_square_10th:6.678263308764387e-06,0.10685064976579697,1.4505331802555799,3.481997495106684,4.177112769088881,6.636892812751488,11.32205674815901,16.146921847993006,167.04336997832465,1431.502088395965
t_10th:160.03272369611113,195.67514949055555,199.2607889172223,205.27329961555546,213.56825396555558,324.741215966667,400.20949077611033,470.75580537555436,548.9793444222233,33802.910437279825
rmse_10th:6.737580755832007e-07,0.018584602338577214,0.2494908393500189,0.9561010354525563,1.6622470018639948,2.0769744612309573,5.886853550415561,6.142205722842316,20.78849925472406,994.429800771052
4,
chi_square_10th:6.856886919492626e-06,0.005454918994980596,0.043590589786111716,0.21008830346169055,0.38656527996101075,0.537064815961258,1.2883008455291658,2.394752370358758,8.019064149013818,34.4371276229012
t_10th:106.78897182222198,173.4863357916671,178.58225139000007,183.77012004055604,189.17301517999977,299.3868692400004,381.48203556166715,406.935821906667,460.95035309777853,29049.193096776136
rmse_10th:7.681330669937786e-07,0.001432159540139223,0.010487500170132414,0.03518069504204092,0.23840136126520114,0.3746384267582043,0.8663751708307094,1.1423364487356815,1.965401189438362,3.9967286981596577
5,
chi_square_10th:0.525700463829476,0.5427091752644311,0.5926656792057368,0.6266693146792022,0.7269078447638109,0.9316795066823192,3.513638143397395,65.24869672221546,450.146818544512,16117.441183496272
t_10th:285.28350094722225,353.83804695777695,359.22977946611127,384.8717443544448,500.3419738838894,696.8027359005541,757.6189733038889,779.502900031667,845.129237442779,104215.31016791015
rmse_10th:0.0016445014092139581,0.018113750992845352,0.08822714200297618,0.11042163236111667,0.13840416167287883,0.15508152232584452,0.6507271943529713,23.588290645590586,51.29010880033814,5379.163078040106
6,
chi_square_10th:0.033726198457168906,0.12134820901220128,0.27264648851459217,0.44691458976716303,0.6561675756259795,0.8013777580742519,1.5565120522471503,4.233678144064807,9.90423252545523,175.02934457873755
t_10th:276.02632328777815,345.468906201667,376.996257130556,392.7130257883332,494.89570372666833,580.3379475700008,600.6096329055573,679.4256705127773,812.9795825505548,83720.51892936364
rmse_10th:0.0011633415037787698,0.029464581470262593,0.0404997858323104,0.0692259604586104,0.10275918829520778,0.11133280144225587,0.21864305101403023,0.7767712070594303,1.1852873083552402,138.7308242039523
7,
chi_square_10th:0.013405839829638562,0.0712673878210464,0.09528312341729682,0.1327172154277893,0.31748148197952697,0.47051293336664834,0.9962409680665092,3.0001609573229224,4.1947474263553755,200.16080399330428
t_10th:89.01349332333552,142.23879159777943,177.60501984666803,178.85676434888836,187.8711977616667,240.86106963166353,293.37967543055674,301.2231704638915,308.9596946777773,22204.846220623982
rmse_10th:0.0005502095369681006,0.03167947225070458,0.03802963281302622,0.0789506786307886,0.09757884235611178,0.11050256234974634,0.22852903155466547,0.5471449763542787,1.1879937304444184,190.07299554875505
8,
chi_square_10th:0.01865284816421455,0.14938206186970235,0.3862505218109732,0.7043622963781445,1.5361243051767015,3.3483875103011727,8.135066006069003,10.647730670294349,16.014913357648886,20.903277717831116
t_10th:163.36637405666764,248.2520211455556,281.24879349500134,296.64477137666705,315.42505632499933,394.9280989483316,441.5625050333348,495.30901284278013,547.7498949072204,59518.69442841492
rmse_10th:0.012698012577644998,0.06676425031164258,0.1362682547128177,0.505371064531361,0.5118977266245929,0.8236389504950477,1.8808126162139405,2.4134896241953774,3.9139201866905418,5.938515545333622
9,
chi_square_10th:0.023785082095433917,0.20225823210304186,0.314157364979813,0.3510136931714144,0.49257656567000996,0.5999500873000776,1.1851400412765662,6.169949441329836,143.65300927744838,1017.2345347506127
t_10th:149.0206919144444,209.01908162500024,253.7809219777762,266.1512495683312,272.74746642500054,338.47971213555786,392.32371981944596,436.10364893777813,524.3700837944424,60057.87177806855
rmse_10th:0.0036391674405638636,0.052776758358960944,0.08209743826402614,0.1332448037457441,0.1645494716572304,0.2546978978895278,1.278339668851214,2.269199920013347,5.655576527379729,590.4654894085227
