1,
chi_square:0.0,0.0,5.899190781159158e-15,7.500986069318098e-06,0.0002556186715906935,0.0010053004245664972,0.0034041800568570756,0.008586846231117502,0.016517081103678468,0.022960804830608555,0.13301955550685368,0.6969277750430547,1.1534415108954916,1.4978850402916775,2.007930515057525,2.151850742555068,3.8030755714973545,3.8940103090572653,5.273726272037877,39.867670577948026
t:10.186410957777785,31.097494085555578,103.08214393222217,105.18493833222229,124.30047553666661,124.51465937777782,124.60605673666673,125.49190329222218,127.96525030555553,136.23969720333338,162.53011936555558,167.00790474333328,240.3331261622222,250.57576676888877,254.4897487699999,259.8813055966665,303.0084769744443,321.66772060111117,382.8409868066667,29636.055824930714
rmse:0.0,0.0,5.5613009678815917e-14,8.214266635689168e-06,0.0003159824465864634,0.0011315099724737022,0.00218995846968379,0.008593723098630246,0.009241400638594223,0.0294189401663804,0.12323508117167267,0.7264471371161824,1.1687634595383287,1.3325676231579309,1.729315091150436,1.8271435993514877,2.492564688363319,2.824279146180136,4.870606813855836,8.61113090171612
2,
chi_square:0.0005744203580649512,0.0028150118433860716,0.004728179241642753,0.0353687617949762,0.06725199092488265,0.11676613970962109,0.39823346838866397,0.5445246142995646,1.2802044361601936,1.7143139880060914,2.5044511433391823,3.555357119122606,4.193623072913868,5.09356819946363,5.490352800565313,12.088972998035219,20.56013983379358,29.58968147798983,32.203519910608236,39.03912888410699
t:127.70862028333326,271.6938007,286.76911530888884,293.6433036388889,296.26306258111094,299.57907315555536,299.63468052777796,303.42204807555555,304.66296130555537,346.59740724333335,434.8352545311117,548.1196605300008,568.3999024844443,575.4776590755558,679.6385724822229,703.9821932933323,704.7217197633337,805.482427705555,1000.3705898488874,100715.52773262387
rmse:0.0005420387952546779,0.0017166773515921744,0.003624737762526883,0.026939962046651646,0.045558224722818265,0.19046661129022927,0.22055408880704436,0.2917694897787087,0.43339630055850853,0.5164629193036806,0.7664220394043181,1.408547667240744,1.5120262978891237,1.5823201179575737,1.9117383518135613,3.2210755789417918,4.3928105936292,7.949248996007678,9.363252541212823,10.04611963612703
3,
chi_square:6.93714252541966e-07,1.2662812364986807e-05,0.02715745556550899,0.18654384396608495,1.024939923948514,1.8761264365626455,3.390896523689215,3.573098466524153,3.890870540405658,4.463354997772103,6.417779527966274,6.856006097536702,8.07896064314828,14.565152853169742,14.57863472009214,17.715208975893876,20.686020267309573,313.4007196893397,1324.9317650738667,1538.0724117180637
t:132.4729473255556,187.59250006666664,194.54970475666704,196.80059422444407,198.06317113888898,200.45840669555562,202.72326445777782,207.82333477333307,211.77900526555533,215.35750266555584,277.8000843055553,371.6823476277788,381.12348259888756,419.29549895333315,459.4340275611106,482.0775831899981,508.78732817333463,589.1713606711121,701.3107338088904,66904.51014075076
rmse:6.737580755832007e-07,1.2004290907767021e-05,0.018584602338577214,0.10217800049302903,0.2494908393500189,0.35202895979700155,0.9561010354525563,0.9914728631172854,1.6622470018639948,1.9765272572494892,2.0769744612309573,2.3181765029515113,5.886853550415561,5.908542214175666,6.142205722842316,7.031808345862151,20.78849925472406,375.15389444742107,994.429800771052,1119.7985003395436
4,
chi_square:6.991477896886233e-07,1.3014626049296628e-05,0.0012458218819877973,0.009664016107973395,0.010917673594220119,0.07626350597800331,0.07820324601556303,0.34197336090781805,0.3862849883474974,0.38684557157452404,0.5254586155402241,0.5486710163822919,0.8757233498083805,1.7008783412499513,2.0127349906613325,2.776769750056183,7.611375104430692,8.426753193596946,13.90147717481932,54.972778070983075
t:80.91474834888835,132.6631952955556,169.63991079444492,177.33276078888926,178.35443768333377,178.8100650966664,182.22022229666683,185.3200177844452,187.5035010499996,190.84252930999995,249.92611016444457,348.8476283155563,368.0982771311107,394.8657939922236,397.77684525777715,416.0947985555569,450.04099440555535,471.8597117900017,493.00404681666856,57605.3821467356
rmse:7.681330669937786e-07,1.3950797574244222e-05,0.001432159540139223,0.005895121315053271,0.010487500170132414,0.02076126925668357,0.03518069504204092,0.06523554964102467,0.23840136126520114,0.33987935673865555,0.3746384267582043,0.4972730099435025,0.8663751708307094,0.9983313734018971,1.1423364487356815,1.3328227917649824,1.965401189438362,2.041417890376445,3.9967286981596577,29.090498845776814
5,
chi_square:0.5213580630742547,0.5300428645846973,0.5306075114169729,0.5548108391118892,0.5846844736894725,0.6006468847220009,0.6073728505639385,0.6459657787944658,0.7169628845199967,0.7368528050076252,0.9043047681952164,0.9590542451694221,1.5820953727292089,5.445180914065581,59.189618531107335,71.30777491332357,78.86357282753305,821.4300642614909,12938.945712967263,19295.93665402528
t:257.793385871111,312.77361602333355,353.2867022622212,354.3893916533327,355.77771331222226,362.68184562000033,377.11368751000055,392.62980119888897,408.8149538044446,591.8689939633342,689.3451155466659,704.2603562544423,755.5967423411112,759.6412042666666,779.3023484244435,779.7034516388903,812.4587628299988,877.7997120555591,1029.6321402222216,207400.9881955981
rmse:0.0016445014092139581,0.002013512307744772,0.018113750992845352,0.07336662071163717,0.08822714200297618,0.09571993922794378,0.11042163236111667,0.12628335404120125,0.13840416167287883,0.14102215915916289,0.15508152232584452,0.30368703425647686,0.6507271943529713,1.2280656764273563,23.588290645590586,42.185057026701166,51.29010880033814,342.2372013105479,5379.163078040106,7486.282165309909
6,
chi_square:0.026028471013837397,0.04142392590050041,0.11542202405965273,0.12727439396474985,0.2670897540792827,0.27820322294990163,0.446441434360392,0.4473877451739341,0.6423139854455889,0.6700211658063701,0.7179998071674558,0.884755708981048,1.2486916680718332,1.8643324364224674,2.247879151875409,6.219477136254204,8.355227678535257,11.453237372375202,146.3884935068461,203.67019565062898
t:258.4128723799999,293.6397741955564,321.0783455944444,369.85946680888964,372.71338438333413,381.27912987777785,390.7223422333323,394.70370934333414,413.274678133334,576.5167293200027,580.0417294155577,580.6341657244438,581.84189779889,619.3773680122246,676.1897663755543,682.6615746500003,697.4787058622207,928.4804592388889,984.2477014122234,166456.79015731506
rmse:0.0011633415037787698,0.020212937172599865,0.029464581470262593,0.03000157085738427,0.0404997858323104,0.04573027386136519,0.0692259604586104,0.08295669996674396,0.10275918829520778,0.10701332462915573,0.11133280144225587,0.13392739241212262,0.21864305101403023,0.5488107749110328,0.7767712070594303,1.14388274085192,1.1852873083552402,1.2512533148146785,138.7308242039523,157.19430847514636
7,
chi_square:0.0004947867823475918,0.026316892876929534,0.057508647498298565,0.08502612814379423,0.0871368340371835,0.10342941279741014,0.12411420014867222,0.1413202307069064,0.29544884196563403,0.33951412199341985,0.4629237286511367,0.47810213808216,0.8153633465322042,1.1771185896008143,2.3215344701134017,3.6787874445324436,4.093881579850044,4.295613272860707,180.4712141970785,219.8503937895301
t:52.74885570222654,125.27813094444451,126.91187219111468,157.56571100444415,176.83553375000193,178.37450594333416,178.61809714444357,179.09543155333313,187.56960644555446,188.17278907777896,205.3951022988884,276.32703696443866,291.26765519222374,295.4916956688898,298.017891071114,304.42844985666903,306.8880338555577,311.03135549999683,363.9259529911124,44045.76648825685
rmse:0.0005502095369681006,0.030615148209070808,0.03167947225070458,0.03697521299199726,0.03802963281302622,0.057404044571375275,0.0789506786307886,0.08557634919982453,0.09757884235611178,0.10390064935124362,0.11050256234974634,0.16317610611052732,0.22852903155466547,0.5162931313241989,0.5471449763542787,0.7367159851254197,1.1879937304444184,1.250844663224518,190.07299554875505,227.93023970221748
8,
chi_square:0.00969587683924261,0.02760981948918649,0.10013786468412098,0.19862625905528372,0.26239350583153287,0.5101075377904135,0.6081584108111405,0.8005661819451485,0.939239939336586,2.133008671016817,2.5487504722319754,4.14802454837037,7.029274018895203,9.240857993242804,9.732795644591407,11.56266569599729,13.440048065445396,18.589778649852374,18.783906106995623,23.022649328666606
t:122.83662096889068,203.8961271444446,235.7023866933308,260.80165559778044,273.92823246222366,288.569354527779,295.7529125811121,297.536630172222,300.4213206111114,330.4287920388872,362.0981677155534,427.75803018110975,440.6981594366662,442.4268506300034,492.9276079211093,497.690417764451,498.28858327666467,597.2112065377762,686.5840666166655,118350.80479021318
rmse:0.012698012577644998,0.06183827676171636,0.06676425031164258,0.12609445326881244,0.1362682547128177,0.46661342933764555,0.505371064531361,0.5101257773488034,0.5118977266245929,0.6433977734452525,0.8236389504950477,1.4503271008157652,1.8808126162139405,2.060796716812556,2.4134896241953774,3.1792367972864337,3.9139201866905418,5.775197120429104,5.938515545333622,6.8679431759128455
9,
chi_square:0.001603992668771867,0.045966171522095964,0.11343146256228853,0.2910850016437952,0.30703974010720664,0.32127498985241937,0.33531902437041644,0.36670836197241236,0.4908134713237924,0.4943396600162276,0.5669574247267593,0.6329427498733959,0.6991237323312429,1.6711563502218898,3.5369627273343056,8.802936155325366,15.947421732136155,271.3585968227606,981.8210211698132,1052.6480483314124
t:109.71038080555542,188.33100302333335,193.88183136222392,224.15633188777656,245.54421658110965,262.0176273744427,262.9350413611078,269.3674577755546,271.2994830155558,274.19544983444536,302.42575541333645,374.5336688577793,390.0174457933346,394.62999384555735,435.0964465855543,437.11085129000196,459.44801229999933,589.2921552888855,668.9014584244513,119446.84209771264
rmse:0.0036391674405638636,0.03277884246208912,0.052776758358960944,0.07478814272925048,0.08209743826402614,0.13241534047499504,0.1332448037457441,0.14895706023089472,0.1645494716572304,0.17643302033156677,0.2546978978895278,0.26607484114773466,1.278339668851214,1.8492997262900388,2.269199920013347,2.8792314572647983,5.655576527379729,202.50968162716597,590.4654894085227,616.0777849925291
