2020_04_18_lrc_ovr_stable_alpha_iter_1000_classifer_dict_pickle_0.file,1000,0,0.43617021276595747,0.31386861313868614,1.0
2020_04_18_lrc_ovr_stable_alpha_iter_1000_classifer_dict_pickle_1.file,1000,1,0.43617021276595747,0.31386861313868614,1.0
2020_04_18_lrc_ovr_stable_alpha_iter_1000_classifer_dict_pickle_2.file,1000,2,0.43617021276595747,0.31386861313868614,1.0
2020_04_18_lrc_ovr_stable_alpha_iter_1000_classifer_dict_pickle_3.file,1000,3,0.43617021276595747,0.31386861313868614,1.0
2020_04_18_lrc_ovr_stable_alpha_iter_1000_classifer_dict_pickle_4.file,1000,4,0.43617021276595747,0.31386861313868614,1.0
2020_04_18_lrc_ovr_stable_alpha_iter_1000_classifer_dict_pickle_5.file,1000,5,0.43617021276595747,0.31386861313868614,1.0
2020_04_18_lrc_ovr_stable_alpha_iter_1000_classifer_dict_pickle_6.file,1000,6,0.43617021276595747,0.31386861313868614,1.0
2020_04_18_lrc_ovr_stable_alpha_iter_1000_classifer_dict_pickle_7.file,1000,7,0.43617021276595747,0.31386861313868614,1.0
2020_04_18_lrc_ovr_stable_alpha_iter_1000_classifer_dict_pickle_8.file,1000,8,0.43617021276595747,0.31386861313868614,1.0
2020_04_18_lrc_ovr_stable_alpha_iter_1000_classifer_dict_pickle_9.file,1000,9,0.43617021276595747,0.31386861313868614,1.0
2020_04_18_lrc_ovr_stable_alpha_iter_3000_classifer_dict_pickle_0.file,3000,0,0.43617021276595747,0.31386861313868614,1.0
2020_04_18_lrc_ovr_stable_alpha_iter_3000_classifer_dict_pickle_1.file,3000,1,0.43617021276595747,0.3142463867859601,1.0
2020_04_18_lrc_ovr_stable_alpha_iter_3000_classifer_dict_pickle_2.file,3000,2,0.43617021276595747,0.31386861313868614,1.0
2020_04_18_lrc_ovr_stable_alpha_iter_3000_classifer_dict_pickle_3.file,3000,3,0.43617021276595747,0.31386861313868614,1.0
2020_04_18_lrc_ovr_stable_alpha_iter_3000_classifer_dict_pickle_4.file,3000,4,0.43617021276595747,0.31386861313868614,1.0
2020_04_18_lrc_ovr_stable_alpha_iter_3000_classifer_dict_pickle_5.file,3000,5,0.43617021276595747,0.31386861313868614,1.0
2020_04_18_lrc_ovr_stable_alpha_iter_3000_classifer_dict_pickle_6.file,3000,6,0.43617021276595747,0.31386861313868614,1.0
2020_04_18_lrc_ovr_stable_alpha_iter_3000_classifer_dict_pickle_7.file,3000,7,0.43617021276595747,0.31386861313868614,1.0
2020_04_18_lrc_ovr_stable_alpha_iter_3000_classifer_dict_pickle_8.file,3000,8,0.43617021276595747,0.31386861313868614,1.0
2020_04_18_lrc_ovr_stable_alpha_iter_3000_classifer_dict_pickle_9.file,3000,9,0.43617021276595747,0.31386861313868614,1.0
2020_04_18_lrc_ovr_stable_alpha_iter_5000_classifer_dict_pickle_0.file,5000,0,0.43617021276595747,0.31386861313868614,1.0
2020_04_18_lrc_ovr_stable_alpha_iter_5000_classifer_dict_pickle_1.file,5000,1,0.43617021276595747,0.31386861313868614,1.0
2020_04_18_lrc_ovr_stable_alpha_iter_5000_classifer_dict_pickle_2.file,5000,2,0.43617021276595747,0.31386861313868614,1.0
2020_04_18_lrc_ovr_stable_alpha_iter_5000_classifer_dict_pickle_3.file,5000,3,0.43617021276595747,0.31386861313868614,1.0
2020_04_18_lrc_ovr_stable_alpha_iter_5000_classifer_dict_pickle_4.file,5000,4,0.43617021276595747,0.31386861313868614,1.0
2020_04_18_lrc_ovr_stable_alpha_iter_5000_classifer_dict_pickle_5.file,5000,5,0.43617021276595747,0.31386861313868614,1.0
2020_04_18_lrc_ovr_stable_alpha_iter_5000_classifer_dict_pickle_6.file,5000,6,0.43617021276595747,0.31386861313868614,1.0
2020_04_18_lrc_ovr_stable_alpha_iter_5000_classifer_dict_pickle_7.file,5000,7,0.43617021276595747,0.31386861313868614,1.0
2020_04_18_lrc_ovr_stable_alpha_iter_5000_classifer_dict_pickle_8.file,5000,8,0.43617021276595747,0.31386861313868614,1.0
2020_04_18_lrc_ovr_stable_alpha_iter_5000_classifer_dict_pickle_9.file,5000,9,0.43617021276595747,0.31386861313868614,1.0
2020_04_18_lrc_ovr_stable_alpha_iter_7000_classifer_dict_pickle_0.file,7000,0,0.43617021276595747,0.31386861313868614,1.0
2020_04_18_lrc_ovr_stable_alpha_iter_7000_classifer_dict_pickle_1.file,7000,1,0.425531914893617,0.30255564715581207,1.0
2020_04_18_lrc_ovr_stable_alpha_iter_7000_classifer_dict_pickle_2.file,7000,2,0.43617021276595747,0.31386861313868614,1.0
2020_04_18_lrc_ovr_stable_alpha_iter_7000_classifer_dict_pickle_3.file,7000,3,0.43617021276595747,0.31386861313868614,1.0
2020_04_18_lrc_ovr_stable_alpha_iter_7000_classifer_dict_pickle_4.file,7000,4,0.43617021276595747,0.31386861313868614,1.0
2020_04_18_lrc_ovr_stable_alpha_iter_7000_classifer_dict_pickle_5.file,7000,5,0.43617021276595747,0.31386861313868614,1.0
2020_04_18_lrc_ovr_stable_alpha_iter_7000_classifer_dict_pickle_6.file,7000,6,0.43617021276595747,0.31386861313868614,1.0
2020_04_18_lrc_ovr_stable_alpha_iter_7000_classifer_dict_pickle_7.file,7000,7,0.44680851063829785,0.3240215737795602,1.0
2020_04_18_lrc_ovr_stable_alpha_iter_7000_classifer_dict_pickle_8.file,7000,8,0.43617021276595747,0.31386861313868614,1.0
2020_04_18_lrc_ovr_stable_alpha_iter_7000_classifer_dict_pickle_9.file,7000,9,0.43617021276595747,0.31386861313868614,1.0
2020_04_18_lrc_ovr_stable_alpha_iter_9000_classifer_dict_pickle_0.file,9000,0,0.43617021276595747,0.31386861313868614,1.0
2020_04_18_lrc_ovr_stable_alpha_iter_9000_classifer_dict_pickle_1.file,9000,1,0.43617021276595747,0.31386861313868614,1.0
2020_04_18_lrc_ovr_stable_alpha_iter_9000_classifer_dict_pickle_2.file,9000,2,0.43617021276595747,0.31386861313868614,1.0
2020_04_18_lrc_ovr_stable_alpha_iter_9000_classifer_dict_pickle_3.file,9000,3,0.43617021276595747,0.31386861313868614,1.0
2020_04_18_lrc_ovr_stable_alpha_iter_9000_classifer_dict_pickle_4.file,9000,4,0.43617021276595747,0.31386861313868614,1.0
2020_04_18_lrc_ovr_stable_alpha_iter_9000_classifer_dict_pickle_5.file,9000,5,0.43617021276595747,0.31386861313868614,1.0
2020_04_18_lrc_ovr_stable_alpha_iter_9000_classifer_dict_pickle_6.file,9000,6,0.43617021276595747,0.31386861313868614,1.0
2020_04_18_lrc_ovr_stable_alpha_iter_9000_classifer_dict_pickle_7.file,9000,7,0.43617021276595747,0.31386861313868614,1.0
2020_04_18_lrc_ovr_stable_alpha_iter_9000_classifer_dict_pickle_8.file,9000,8,0.43617021276595747,0.31386861313868614,1.0
2020_04_18_lrc_ovr_stable_alpha_iter_9000_classifer_dict_pickle_9.file,9000,9,0.43617021276595747,0.31386861313868614,1.0