ECM-Num,GOA-Name,Repeat-Time,Iteration,Fitted-Parameters-List,Chi-Square
9,DE,0,10000,[1e-10,4.090004801720879e-05,0.8967421864434929,252.63767215012268,0.00013882149147949815,0.7768147712462681,23889.507450942983],0.041359502911327305
9,DE,1,10000,[1.0000000187151034e-10,4.09000477861435e-05,0.8967421869036948,252.6376697415783,0.00013882149138886573,0.7768147706729298,23889.507310378114],0.04135950291132731
9,DE,2,10000,[1e-10,4.0900048100707944e-05,0.8967421863855145,252.63767328346856,0.00013882149059961596,0.776814772457477,23889.507365159287],0.04135950291132731
9,DE,3,10000,[1.0000000113970813e-10,4.0900047944063526e-05,0.896742186692242,252.63767055269037,0.00013882149152499377,0.7768147707762878,23889.506992078586],0.041359502911327305
9,DE,4,10000,[1e-10,4.09000480695585e-05,0.8967421863200576,252.63767261653456,0.00013882149096014926,0.7768147720608863,23889.507460063247],0.04135950291132731
9,DE,5,10000,[1e-10,4.090004768529319e-05,0.8967421873411637,252.63767092623942,0.00013882149145703573,0.7768147731747959,23889.507025830255],0.041359502911327325
9,DE,6,10000,[1e-10,4.0900047797806794e-05,0.8967421869706793,252.63766892833885,0.00013882149195557623,0.7768147689798763,23889.507862643306],0.04135950291132731
9,DE,7,10000,[1.0000000789472008e-10,4.090004808389287e-05,0.8967421864056986,252.63767342424583,0.000138821491889598,0.7768147720926584,23889.507299951976],0.04135950291132731
9,DE,8,10000,[1e-10,4.0900048284394784e-05,0.8967421856571751,252.63767448245625,0.0001388214908252718,0.7768147731646456,23889.506951120697],0.04135950291132732
9,DE,9,10000,[1.0000000083159874e-10,4.090004778297438e-05,0.8967421869297485,252.63767097946044,0.0001388214916534184,0.7768147711836093,23889.507314778013],0.04135950291132731
9,WOA,0,10000,[5.526395311392806e-08,4.12069085196803e-05,0.8960928999745991,257.7975110050326,0.0001375762192172175,0.7812834207495795,22973.835657173713],0.04136529241846066
9,WOA,1,10000,[2.0009262958751565e-08,4.0954690632457915e-05,0.8966111479800739,253.25262708116298,0.0001387983190111701,0.7769338819838608,23917.898632991895],0.04135961255168512
9,WOA,2,10000,[4.360418116103514e-08,4.1307182630452844e-05,0.895836334453447,258.1771507540717,0.00013709432442584175,0.7823351546967683,22683.841257162167],0.04136898615749135
9,WOA,3,10000,[2.187839018830586e-08,4.1034072332334716e-05,0.8964454252720329,254.38447825830966,0.00013835433021698636,0.7780798057210365,23716.98923016113],0.04136009969391493
9,WOA,4,10000,[4.821993737131916e-07,4.0990128629975905e-05,0.8965417473664562,253.88109320385266,0.00013868949953407532,0.7772733317049441,23843.134035115832],0.04135982741666596
9,WOA,5,10000,[1.0796143125281828e-09,4.116062148186246e-05,0.8961664149846807,256.65723907104854,0.0001379389574391349,0.7799333262075633,23328.931529370457],0.04136230092391927
9,WOA,6,10000,[1.5818614808276975e-07,4.075462970772611e-05,0.8970662824252789,250.45285306126868,0.00013941485962391565,0.774646821805321,24404.902936623253],0.04136099642506378
9,WOA,7,10000,[5.543415984295346e-08,3.845163200548218e-05,0.902009440262752,203.83858484887162,0.00015913929119609763,0.7162190420588496,75598.66864188683],0.0425416533626686
9,WOA,8,10000,[3.4170037432341333e-09,4.102002303056362e-05,0.8964038762944254,252.87784740046854,0.00013895470926236786,0.7765288302992295,23792.53772899747],0.04136087413373777
9,WOA,9,10000,[8.143154419481564e-08,4.099922293927462e-05,0.8965432215155729,254.6342482155637,0.00013844924672456226,0.7783037892333976,23555.97838208895],0.041360340890227026
9,ABC,0,10000,[1e-10,3.543221145172648e-05,0.90936314527289,212.91014862262335,0.0001478171978892433,0.751931620477541,51007.77174664598],0.04315668789847921
9,ABC,1,10000,[1e-10,4.5395523659252986e-05,0.8867056218012979,314.98587469776146,0.0001424232622562543,0.8012212991859466,23372.29044650222],0.042886198957639045
9,ABC,2,10000,[1e-10,5.121990042097648e-05,0.8747570645591669,322.15945018722726,0.00013894843076111898,0.7652191263347707,23609.44489513969],0.04403359915820904
9,ABC,3,10000,[1e-10,3.5383460513267314e-05,0.9093014207505847,174.9037868401051,0.0001657128069041204,0.6923046728606651,66649.79844870983],0.04307395159137437
9,ABC,4,10000,[1e-10,4.187469630855549e-05,0.8978412595124117,299.0622305128136,0.00015799298878328854,0.7527789101880885,122434.27434594084],0.045699240631168064
9,ABC,5,10000,[1e-10,5.378705439875884e-05,0.8713868740174276,462.14734016688635,0.0001230210834547598,0.8077280687210877,22177.9839053866],0.046484744028201075
9,ABC,6,10000,[1e-10,4.1942310215907066e-05,0.8920350840258267,265.19470382619664,0.00013145274136718048,0.7991674339505198,34377.22588556874],0.043572977938872194
9,ABC,7,10000,[1e-10,4.098324842871762e-05,0.8923907207027978,159.43466871185728,0.00017407019118350047,0.6330231615828458,1000000],0.04737153556193957
9,ABC,8,10000,[1e-10,4.970854594729734e-05,0.8785592706901867,310.57583791110494,0.00016940659099800215,0.677031043765053,246352.76101331573],0.04781905543559098
9,ABC,9,10000,[3.4125444958738295e-08,4.248521903513112e-05,0.8927045367905815,182.90631573761817,0.00015665582637314944,0.6928940736823227,77622.07498581983],0.04382522135202688
9,ICA,0,10000,[8.007324822820193e-07,6.55469726722961e-05,0.8537170067597166,431.6760691816932,0.00013590777453995962,0.7464698352966144,607544.3348404779],0.05462966182716549
9,ICA,1,10000,[1.0000071404669364e-10,4.11916025630319e-05,0.8960973350548094,255.75447278933416,0.00013801103381308602,0.7789774756590659,23531.068301164913],0.04136154621569294
9,ICA,2,10000,[3.368873798991978e-07,5.7496442695368095e-05,0.8660629570124073,513.1243982604449,0.00010052175720361786,0.8982891133189329,15435.967172465125],0.04778841594565288
9,ICA,3,10000,[5.843740697301473e-07,4.1672502341512216e-05,0.8950391002403225,262.7885106682476,0.000135091557114739,0.7872140751567852,22199.848076695635],0.04139153870424493
9,ICA,4,10000,[4.1183967619538245e-07,4.6944206797796176e-05,0.8839164009983506,327.81838332344023,0.00012372624741879577,0.8233268547793992,18185.735825412987],0.042221886357164895
9,ICA,5,10000,[6.085686334542736e-07,8.62282734495053e-05,0.829278726467797,912.7144552788868,7.747594230435951e-05,0.9003860272674234,17745.694778617482],0.0656709278543638
9,ICA,6,10000,[1.0001337922991341e-10,4.1045381323241284e-05,0.8964026088356855,254.02630485618056,0.00013855160232124902,0.777525391792497,23782.46537400306],0.041359935812712564
9,ICA,7,10000,[5.304664502058322e-07,5.405290222500533e-05,0.8705280756704472,385.84535439573887,0.00011636366574317704,0.8386808757845561,17631.74678234442],0.04424812855192561
9,ICA,8,10000,[7.377438274122129e-07,4.9418550682960495e-05,0.8788483362313264,355.1729949645677,0.00011679579247896642,0.8564102474869664,15680.843662610781],0.043274551795264175
9,ICA,9,10000,[5.557890033353763e-07,4.268346259716376e-05,0.8929203473222629,272.4457140122019,0.00013371201508714483,0.791688286854241,21803.021900350046],0.04143988533694241
9,BH,0,10000,[4.436980595339176e-07,4.49019271542352e-05,0.8877788169107823,275.5179612762822,0.00016475703967535436,0.7094213369852451,549225.5256272836],0.04502368085960239
9,BH,1,10000,[4.048550244327175e-07,4.909136393291139e-05,0.8798050558463093,290.16785319675137,0.00015720243613233636,0.7159378571126749,324490.34443033405],0.045777975854944024
9,BH,2,10000,[5.051830985132737e-07,4.8418685903919006e-05,0.8808753045313245,281.95911747662547,0.00015875764263873274,0.7104242626342563,247685.40574432357],0.045420340247714706
9,BH,3,10000,[7.16257828175198e-07,3.833299854977732e-05,0.9022279381892686,194.62452307903706,0.0001688895511933277,0.6929560169668366,369492.6832434058],0.04348078922135374
9,BH,4,10000,[6.822503362800049e-07,4.7743645106893435e-05,0.8818048123247131,280.6175660817131,0.00015950477735307637,0.7090768022260432,477780.4751846888],0.04545767282163283
9,BH,5,10000,[3.848509913458631e-07,4.931744339681801e-05,0.8788227275372239,293.47997453206403,0.0001557742906654732,0.7128731186960762,352088.6320173842],0.04587806634303219
9,BH,6,10000,[4.966218093448566e-07,4.604904040843657e-05,0.885073597673458,260.044908732901,0.0001610817813974491,0.7053878246248994,284037.5586256904],0.044715759807846374
9,BH,7,10000,[4.0368999642028507e-07,4.948869130120266e-05,0.8784684102688295,302.6713460241669,0.00015758852239969177,0.7136139125754541,396111.0368377964],0.046123154706315235
9,BH,8,10000,[5.727254849728366e-07,4.78235293492401e-05,0.8819232234113697,290.88160137265095,0.0001589405418215814,0.7140450733217208,334402.8298816072],0.04548285775243141
9,BH,9,10000,[4.117844048610547e-07,5.071714619547774e-05,0.8763430735817025,293.73225645113126,0.00015874689625987876,0.7149287247954742,409510.76204965205],0.04658310660635397
