ECM-Num,GOA-Name,Repeat-Time,Iteration,Fitted-Parameters-List,Chi-Square
9,DE,0,10000,[1e-12,3.325466870575985e-05,0.9000043072082962,8.347851573606343,0.00010551335343779889,0.844272354422432,11540.75220807727],0.030841160508975545
9,DE,1,10000,[1e-12,3.325466931994337e-05,0.9000043057944426,8.34785157603711,0.00010551335261589309,0.8442723546463726,11540.752177209644],0.03084116050897555
9,DE,2,10000,[1.0000278503952161e-12,3.325466936085019e-05,0.9000043058648379,8.347851610029618,0.00010551335279101644,0.8442723547543705,11540.75218122803],0.030841160508975545
9,DE,3,10000,[1e-12,3.325466868106972e-05,0.9000043075947584,8.347851587403468,0.00010551335259822605,0.8442723556457631,11540.752058806365],0.030841160508975552
9,DE,4,10000,[1e-12,0.00018968955317042412,0.7690064422188054,1000.0,1e-07,1.0,20774.07808139903],0.0795353443860471
9,DE,5,10000,[1.0001037312082016e-12,3.325466884197275e-05,0.9000043069864562,8.347851582519453,0.0001055133531031411,0.8442723547611148,11540.752138544529],0.030841160508975545
9,DE,6,10000,[1e-12,3.3254668508137604e-05,0.9000043080399559,8.347851514223741,0.00010551335376794528,0.8442723533987662,11540.75221828187],0.03084116050897555
9,DE,7,10000,[1.0000122196979338e-12,3.32546686086794e-05,0.9000043075364343,8.347851527654141,0.00010551335384559549,0.8442723533859033,11540.752176672187],0.030841160508975545
9,DE,8,10000,[1e-12,3.325466927918973e-05,0.9000043059085049,8.347851585261713,0.00010551335249242127,0.8442723547610778,11540.752067366213],0.03084116050897555
9,DE,9,10000,[1e-12,3.32546690189999e-05,0.9000043066553282,8.347851566092933,0.00010551335289079488,0.8442723545141819,11540.752223800306],0.030841160508975545
9,WOA,0,10000,[3.732490498956416e-11,3.2001271592405386e-05,0.9031572704732903,8.177706112278397,0.0001069184021202285,0.8433471740586188,11564.390338455076],0.030847789655038402
9,WOA,1,10000,[1.1800398273700892e-11,3.5387165833015714e-05,0.894957822585921,8.646497357055429,0.0001030907508424146,0.8460088067633661,11487.139920267211],0.030858826292700415
9,WOA,2,10000,[9.260790712779206e-10,3.2331355595505684e-05,0.902340060667395,8.222457284867192,0.00010674836086240295,0.8432090263601821,11578.90671188665],0.030845060476483648
9,WOA,3,10000,[1.0414146231220093e-09,3.6621825422236706e-05,0.892171376784073,8.858632321205931,0.00010119361201860744,0.848051798958826,11380.94019440393],0.030888346215037745
9,WOA,4,10000,[4.533027374658264e-09,3.242038510195258e-05,0.9020738511395384,8.22312126531902,0.0001066373216697177,0.8432743803082385,11591.040781767462],0.030844489283349822
9,WOA,5,10000,[4.442037046678864e-11,3.075006957762965e-05,0.9064027034891636,8.002214757398397,0.00010846289498364845,0.8421187495674544,11615.240952244616],0.030868780481412894
9,WOA,6,10000,[1.829998463651541e-09,3.3641188596571084e-05,0.8989513515196615,8.3745433734895,0.00010629858817217856,0.8424003685976209,11638.003049672478],0.030854400575903065
9,WOA,7,10000,[1.1277331862476696e-09,3.322128847387683e-05,0.900082003429736,8.342456565538418,0.00010561156455545984,0.8441489213516957,11560.078444268069],0.03084125212793251
9,WOA,8,10000,[8.220694308558321e-11,3.3474944917018835e-05,0.8995339929855585,8.473940055937147,0.00010576732727451351,0.8434907861069867,11668.506046672888],0.030852936164031144
9,WOA,9,10000,[5.008522790567224e-11,3.6553327303342124e-05,0.892197011655678,8.72807238408454,0.00010166388049288632,0.8470932561841639,11455.161559188426],0.03088217843300728
9,ABC,0,10000,[1e-08,2.905297113668683e-05,0.9221994973906374,9.00630563828158,0.00011853309902101265,0.8119023883140705,12870.539697122107],0.03888528863856814
9,ABC,1,10000,[1e-12,7.07638296202259e-05,0.8339939920034982,12.587648796695351,8.803085698691123e-05,0.8277952474395004,14205.2082973371],0.038206343532253474
9,ABC,2,10000,[1e-12,9.628706866840841e-05,0.8120880455536376,20.421279371474654,4.783187682753265e-05,0.9110571283237662,12899.176216428961],0.03745895210560155
9,ABC,3,10000,[1e-12,5.306647409616967e-05,0.8571055750434333,9.993571126071046,0.00011559089644524763,0.8109790451825728,17145.603938504184],0.03992909630691327
9,ABC,4,10000,[1e-12,7.517400753626559e-05,0.8310766166830754,11.833722577888743,8.799995519072626e-05,0.8230371351179414,14541.887713803459],0.03900291130071026
9,ABC,5,10000,[7.38595325350944e-11,7.908618143861833e-05,0.8318808869062863,15.382319719113015,6.531144421464398e-05,0.8820623728137394,13832.076121756716],0.03606471600498001
9,ABC,6,10000,[1e-12,8.310322148016759e-05,0.8303891966477281,15.300896235257827,5.270572584619892e-05,0.9050663260913342,9045.568297183701],0.03851710826643904
9,ABC,7,10000,[1e-12,3.694021430830101e-05,0.8896875579832771,7.102622204922449,0.0001259106982063787,0.8026301116827421,15503.109266209161],0.035535799037712625
9,ABC,8,10000,[1e-12,6.327964177606257e-05,0.8551174734147107,14.287643114249668,6.301645388008144e-05,0.8900305585980824,11221.245431351459],0.037249700111430785
9,ABC,9,10000,[1e-12,0.00012124014143025176,0.7941329292980156,21.570735434731375,2.4493919043766082e-05,1.0,13932.907485655931],0.039605882714809866
9,ICA,0,10000,[4.940720325647963e-09,0.0001700591293613095,0.7785144991919289,54.53850157599123,1.2117555938054167e-05,0.911064153819597,722878.4848859317],0.07983080005203473
9,ICA,1,10000,[5.954755338536068e-09,0.0002193750070465439,0.7519144075018847,162.53011871588393,4.54297333674456e-06,0.9999599000638569,29419.231357688288],0.080245943644863
9,ICA,2,10000,[4.940175870277758e-09,0.00018297737798719522,0.7678993668035828,80.91601433616174,3.500880552210409e-06,0.9999998780554205,22223.804763050386],0.06835021234069082
9,ICA,3,10000,[7.043584416854314e-09,0.00013041730482981712,0.7845300773629392,20.98345438569842,4.878485644216631e-05,0.8439235872280666,17268.400851625163],0.05153170625946004
9,ICA,4,10000,[5.330713213500893e-09,0.0001971454015288684,0.7569366709302171,69.23400516443449,8.540008212057136e-06,0.9999999999917029,24800.859960456237],0.06647503530355106
9,ICA,5,10000,[2.3334738974852128e-09,0.00015088946165259235,0.7791891540966603,50.55189923174348,1.673479594800841e-05,0.9999999993735256,16242.003742029896],0.04897082236687237
9,ICA,6,10000,[7.055528400105826e-09,0.00015157675965650044,0.7771400042337455,44.213661092034776,1.5331225210487967e-05,0.9999999999993937,16974.237703933344],0.04832529370476141
9,ICA,7,10000,[4.745402662048167e-09,0.000127840160608457,0.7900378643459103,24.368580744296562,2.1356109300160238e-05,0.9999999999990881,13536.261585829581],0.04036708859802895
9,ICA,8,10000,[2.1790562910052725e-09,0.0001599045175525728,0.7723079025319867,33.916482095134796,1.603774513562813e-05,0.9999999999859029,17918.640585342426],0.048931846589494704
9,ICA,9,10000,[5.659734890993968e-09,0.0001756133751896909,0.7753314219089534,654.4211064296093,4.772106540984905e-06,0.9999999998710658,18545.04896400228],0.07470659708426942
9,BH,0,10000,[3.616928974103399e-09,0.00010591646376906251,0.8069348904088933,19.336436142468543,5.496000891080913e-05,0.8631003564799551,18240.627109068366],0.04282457842115949
9,BH,1,10000,[4.429785829058822e-09,0.00011275849929786242,0.8002588453266493,24.89527592439793,4.5295533528925994e-05,0.8896893659681234,16300.191459327956],0.042678729395430826
9,BH,2,10000,[4.022665004922431e-09,9.525589703114169e-05,0.8148882956064262,19.550937244563553,5.773018598898836e-05,0.8764977651640078,15738.783977838259],0.03950884967532192
9,BH,3,10000,[5.607002203426122e-09,0.00010749035814129138,0.8053059932230517,19.085826567454575,5.048394811389259e-05,0.870492650994364,15075.279873275913],0.04086078695009768
9,BH,4,10000,[4.392969459457923e-09,9.631836692856392e-05,0.8131984585540422,18.174742177513767,5.735582324508246e-05,0.8698012606904122,15424.607286129987],0.039135041661666765
9,BH,5,10000,[3.362149854187874e-09,9.857932099627515e-05,0.8110388960819667,18.21046737489712,6.347859537803006e-05,0.8490704445916011,19957.916891868837],0.043614847218340524
9,BH,6,10000,[5.20886702279076e-09,9.99378737075238e-05,0.8103899934598323,19.728478465669404,5.4506592727273604e-05,0.8788285719557514,15096.440635154418],0.0394829926408239
9,BH,7,10000,[6.2986464296541425e-09,9.57065629537002e-05,0.8140647957515191,18.315231867861332,6.37098878278784e-05,0.8517597850574928,19209.181248824887],0.04263479890889522
9,BH,8,10000,[4.690886809298326e-09,0.00012163521368540516,0.7935842892398505,23.898292349270026,4.301765155655747e-05,0.8887686288513683,17647.376128107262],0.04443732210698514
9,BH,9,10000,[5.250012124572099e-09,0.00010223187979922557,0.8082201388764343,19.984466376408108,5.280323127479558e-05,0.8803896647613547,17684.35761145213],0.0413496124801068
