ECM-Num,GOA-Name,Repeat-Time,Iteration,Fitted-Parameters-List,Chi-Square
9,DE,0,10000,[1e-05,0.00028897786298996215,0.7842319489565381,2250.150139051481,1e-06,1.0,55783.43160494658],0.36411901407741243
9,DE,1,10000,[1e-05,6.077603978510453e-05,0.9092672212982492,39.50796809907329,0.0001314757215316899,1.0,8946.589982968204],0.28763783901496814
9,DE,2,10000,[0.0002590080638629634,4.8890086528310214e-05,0.9288954530512507,33.7126373405056,0.00016543366865231788,0.9309687952870627,11085.769142390573],0.28321502983556895
9,DE,3,10000,[0.00025900713691255406,4.889008683231696e-05,0.9288954522135097,33.71263785469959,0.00016543366664846965,0.9309687979343556,11085.768864528134],0.283215029835569
9,DE,4,10000,[1e-05,0.00028897786487314505,0.7842319483357183,2250.1501189224095,1e-06,1.0,55783.42146270127],0.36411901407741226
9,DE,5,10000,[1e-05,0.0002889778647601445,0.7842319492222939,2250.1504444651114,1e-06,1.0,55783.41808464774],0.3641190140774124
9,DE,6,10000,[1.0000000000030689e-05,0.0002889778643298168,0.7842319483778057,2250.150369318514,1e-06,1.0,55783.42938746618],0.3641190140774124
9,DE,7,10000,[1e-05,0.00028897786453835133,0.7842319487068095,2250.1503487255113,1e-06,1.0,55783.441890618116],0.36411901407741226
9,DE,8,10000,[1.0000000000017633e-05,0.0002889778629175994,0.7842319490765467,2250.150459402312,1e-06,0.9999999999999999,55783.43194371815],0.36411901407741226
9,DE,9,10000,[0.0002590068509372495,4.889008593996317e-05,0.9288954539888734,33.71263745646793,0.00016543367174515919,0.9309687901262819,11085.769314061641],0.28321502983556895
9,WOA,0,10000,[0.0014296055100603401,4.809948586534643e-05,0.9304215496662608,33.5396840670557,0.0001658744204041254,0.9312041739552671,10923.991726563998],0.2832278998009946
9,WOA,1,10000,[0.0010012141990662575,4.8137577707466375e-05,0.9308464638331739,32.97184133787119,0.0001683185514154995,0.9301863759197199,11122.218749577476],0.28328346401894006
9,WOA,2,10000,[0.001779721387272233,4.8440453705237324e-05,0.9298364341599408,33.69524658777855,0.00016570499025665765,0.9310547138683011,11053.89706184431],0.2832322540127878
9,WOA,3,10000,[0.0015674631425845282,4.776044505171365e-05,0.9310931763806848,33.337590074349265,0.0001669805410885436,0.9295072370417178,11184.404735089873],0.2832293856273265
9,WOA,4,10000,[0.0018522646305600516,4.822213895894747e-05,0.9302435647905967,33.62177764919057,0.00016604878430958448,0.9307322752681174,11061.889410659474],0.2832329190321016
9,WOA,5,10000,[0.0001501808516123827,4.8771181563977026e-05,0.9291011490935107,33.68413799629705,0.00016566428527098966,0.930701715044389,11109.841663198356],0.2832154195858016
9,WOA,6,10000,[0.0025351481999618575,4.8112176753038945e-05,0.9304941088769895,33.54149387710856,0.00016610576390940014,0.9305786015274924,11060.63053805993],0.2832522041065433
9,WOA,7,10000,[0.0025317542830461622,4.7436928777180095e-05,0.9317497326123376,33.310032520497245,0.0001673777471104613,0.9292169547787273,11226.759632709605],0.28325295620712476
9,WOA,8,10000,[0.0022839661330886153,4.726990829035925e-05,0.932067833883831,33.209564474274224,0.00016762145205952034,0.9289631410954874,11235.99662928568],0.2832478781290864
9,WOA,9,10000,[0.00017331966656020543,4.890223147990465e-05,0.928866163750505,33.71028885753958,0.0001654434089662809,0.93092334144575,11103.500109519844],0.2832151252324779
9,ABC,0,10000,[1e-05,5.4640537360099484e-05,0.9077666535674259,49.22249664103072,0.00014026658252233666,0.9688448684732819,11319.2202387055],0.29953803240520116
9,ABC,1,10000,[1e-05,0.00015021680879542037,0.8306747763486262,60.35615454629169,7.056794305949492e-05,1.0,14256.306897180017],0.3041515351725632
9,ABC,2,10000,[0.012253901730559786,3.1247132856798826e-05,0.9789580438325198,37.50639680828539,0.00019048772329590102,0.9169731862090529,14565.688923855563],0.29400847295804183
9,ABC,3,10000,[1e-05,8.742649376562486e-05,0.8804552775547133,36.20073988480803,0.00011344772046566956,0.9598070519248845,22096.283172956184],0.29901441374110155
9,ABC,4,10000,[1e-05,0.00012463045251417831,0.8548237083821323,40.10962892068898,8.972299533394187e-05,0.9992959576797801,12806.589602809703],0.3029975244475719
9,ABC,5,10000,[0.009469414598386577,3.85619074689717e-05,0.9617500122508081,40.23820652819691,0.00019852064810328696,0.9070189716202227,15111.684584642782],0.2957910949420673
9,ABC,6,10000,[1e-05,0.00010040013244484126,0.8660775069798008,42.018079527052976,0.00015911663611291313,0.8905930280952122,22215.994990522886],0.29857424778565245
9,ABC,7,10000,[1e-05,6.19181143976226e-05,0.9073997374896107,23.434330485842565,0.00018836821436337718,0.8677777522752685,18960.7895295848],0.2932835176946755
9,ABC,8,10000,[1e-05,0.00012440580349245038,0.8468398795541495,56.979177512142705,9.078731770753145e-05,0.9734981541667682,14082.324215630284],0.2988493383735171
9,ABC,9,10000,[1e-05,0.0001476484433877792,0.8281630101741674,64.03283681409951,7.6125042564807e-05,1.0,11225.237372036674],0.30487479253922295
9,ICA,0,10000,[1.0008528009207598e-05,0.0002882753702672441,0.7853224309510484,9846.719539868793,0.004358468003215257,0.30000000007107114,516757.6639445092],0.3739752801471421
9,ICA,1,10000,[0.0005179339497174431,0.0002659846129571187,0.79634149705668,303.53089602524307,3.400987282338814e-05,0.6603496083113051,338497.7311291512],0.3649051237700241
9,ICA,2,10000,[1.2486013331706423e-05,0.00028426371818269136,0.787276158369305,9323.03369286672,3.4289676097223504e-06,0.5522186607770971,921885.7044629452],0.36629005669054937
9,ICA,3,10000,[1.0025738686832993e-05,0.0002865365399894327,0.785702462426308,638.3778920625803,3.993945585546395e-06,0.999999999958773,56614.71437674062],0.3604022683309913
9,ICA,4,10000,[2.0365706320445463e-05,0.0002797898421111587,0.7880339996839346,6106.7070341723065,7.772556870417152e-06,0.38647577051860815,202128.59616827304],0.36641733609565885
9,ICA,5,10000,[1.0001797651500733e-05,0.00027383598727247937,0.790006434979871,1379.783813232548,6.831369005374444e-06,0.9998856979745596,548184.56831429],0.3611739894730341
9,ICA,6,10000,[0.00012767178549426026,0.000285169203769443,0.786612304651561,9999.640185754215,0.004751407218470349,0.5894991171121328,456715.86425334244],0.3738966408551811
9,ICA,7,10000,[0.00015964209959411154,0.00028715636015337316,0.7867681589823279,8773.165887984971,2.559513742524706e-06,0.5649859000334619,314828.6440990266],0.3661359093579954
9,ICA,8,10000,[1.0000000263033814e-05,0.0002909787377771159,0.7841381249085829,9682.390350393156,2.0314349824303806e-06,0.5943766844555447,497475.8661624846],0.3658046597427025
9,ICA,9,10000,[1.000000027196092e-05,0.00028918751196816697,0.7845859135097143,6550.261286808413,2.6480536328507633e-06,0.6248379803142364,48619.676082876256],0.3653194426825614
9,BH,0,10000,[0.0006637960523927848,0.0002873261876462603,0.785239684821932,5304.658730012212,3.1406445940836616e-05,0.3877129473637549,613304.5461252927],0.36759787929627
9,BH,1,10000,[0.0015575497079978557,0.0002820315432704515,0.7876660484834365,8804.570229914365,7.009884744166302e-05,0.40015039267227154,665471.8647915563],0.3694646623665952
9,BH,2,10000,[0.0017263122983743535,0.0002835482685762379,0.7862497837053659,2625.998712843033,2.613682428043671e-05,0.49492622873297937,481687.7778320991],0.36800460583704275
9,BH,3,10000,[0.0021274111851089738,0.0002855033716598711,0.7856461673804259,6926.373179814357,3.6531369004889334e-05,0.4061549141867222,364581.71926463366],0.36873010750446583
9,BH,4,10000,[0.0015419619864644612,0.0002889676052350657,0.784568487878813,8118.152134302743,3.6970392815395486e-05,0.40323153192869865,464307.9478349635],0.3683347422458725
9,BH,5,10000,[0.002252040629317335,0.00028315010392284805,0.7869792168134974,7903.203046998009,4.825645499379726e-05,0.4206742923861929,484080.6309543857],0.3693543040386859
9,BH,6,10000,[0.0016238239487812232,0.0002870119520959311,0.785855578949529,8651.154647286343,4.058151272176944e-05,0.40300844434245664,460854.74011015455],0.3684556006661793
9,BH,7,10000,[0.001830700732355493,0.00028308749892223595,0.7874924741031251,9456.63467168881,0.00015560418664795295,0.41179465501010254,407223.05520874495],0.3713673759672273
9,BH,8,10000,[0.0012909379994193212,0.0002850285720272781,0.7861643626243614,8665.804792283996,6.069465209089356e-05,0.4088632624623323,532066.6073355717],0.3690862594034638
9,BH,9,10000,[0.0012861211740524965,0.000291814606052205,0.7835370917359016,8502.484679619543,2.0725494135699713e-05,0.43495826908308827,395199.99680125475],0.3674885984069341
