ECM-Num,GOA-Name,Repeat-Time,Iteration,Fitted-Parameters-List,Chi-Square
9,DE,0,10000,[1.000001738373091e-11,1.2466928309610301e-05,0.992566630501805,263.21627264231256,0.00016896379293963027,0.6542266024607036,1000000.0],0.0185794486954928
9,DE,1,10000,[1e-11,1.2466928387636576e-05,0.9925666299753442,263.21627646780354,0.00016896379324029715,0.6542266023081583,1000000],0.018579448695492804
9,DE,2,10000,[1e-11,1.2466928400921908e-05,0.9925666299317777,263.216274251548,0.00016896379231418903,0.654226602511554,1000000.0],0.018579448695492804
9,DE,3,10000,[1e-11,1.246692831331732e-05,0.9925666306740107,263.21627097798563,0.00016896379255277368,0.6542266026408952,1000000.0],0.0185794486954928
9,DE,4,10000,[1.0000048948776272e-11,1.2466928339320163e-05,0.9925666304407995,263.2162743380922,0.0001689637929071455,0.6542266030370887,1000000.0],0.018579448695492808
9,DE,5,10000,[1e-11,1.2466928285030101e-05,0.9925666308173838,263.216272602757,0.00016896379305063382,0.6542266020384774,1000000.0],0.0185794486954928
9,DE,6,10000,[1.0000006889448244e-11,1.2466928389827677e-05,0.992566630014994,263.21627370833176,0.00016896379282577338,0.6542266029285411,1000000.0],0.018579448695492797
9,DE,7,10000,[1.000001394809095e-11,1.246692836451739e-05,0.9925666301093347,263.21627467796077,0.00016896379345107785,0.6542266030843725,999999.999999985],0.018579448695492797
9,DE,8,10000,[1.0000024003412201e-11,1.2466928291418247e-05,0.9925666306552597,263.2162745065393,0.0001689637928123343,0.6542266036014049,1000000.0],0.018579448695492804
9,DE,9,10000,[1.0000039376016928e-11,1.2466928389481134e-05,0.9925666301563252,263.2162761972286,0.0001689637931665644,0.6542266034574122,1000000.0],0.018579448695492804
9,WOA,0,10000,[2.836957013961901e-08,1.2476811326016506e-05,0.9925301778507503,266.8700306267264,0.00016746689023432973,0.6584957006629699,281603.17366301815],0.01866524816002791
9,WOA,1,10000,[9.801571065608382e-10,1.2525851559905066e-05,0.9917808632604079,275.65322744390727,0.00016423069411195443,0.6683434872059064,146877.35718622786],0.018836230027216818
9,WOA,2,10000,[4.485976482895997e-08,1.2599250164062972e-05,0.991671726037249,266.51410253895403,0.00016756649529112836,0.6583043867383188,227138.66333627736],0.01870409315856589
9,WOA,3,10000,[8.707902350479796e-11,1.2498856280623406e-05,0.9923397641810165,265.255227005791,0.00016822138664820575,0.6562553249150488,466178.7683966225],0.018615313492843732
9,WOA,4,10000,[2.076301046800328e-09,1.2553458448559424e-05,0.9920004600394167,267.0311470789962,0.00016730494403873763,0.65825398610317,270803.53042850835],0.018670446910939487
9,WOA,5,10000,[8.144190642708036e-08,1.2460299884087947e-05,0.9926185027647012,263.44839956123695,0.00016852967113638277,0.6552104085190708,558001.0508589062],0.01860400167826204
9,WOA,6,10000,[9.927804325727985e-10,1.2501685975482925e-05,0.9923289431953642,266.00988092510266,0.00016735940444360492,0.6584674607531097,271115.37196845224],0.018669804097918557
9,WOA,7,10000,[9.733432386425873e-09,1.280827311553146e-05,0.9901765569614579,283.2956018006038,0.0001611677688878606,0.6757437480337309,73726.75200247427],0.019188263747309687
9,WOA,8,10000,[1.6942649483432236e-09,1.2160496439378306e-05,0.9948113657284477,249.01356611841985,0.00016481556794029786,0.659123661713596,188718.2654609127],0.01886151114632831
9,WOA,9,10000,[9.187940629570261e-09,1.2543557920523515e-05,0.9920260336272366,267.8935899758186,0.00016705033329609344,0.6593880267299502,247733.04131047026],0.01868280651363133
9,ABC,0,10000,[1e-11,1.303465612001759e-05,0.9906264000937737,428.21961699086444,0.00016550884505578148,0.7151095102988062,775809.6102408061],0.025831299239623837
9,ABC,1,10000,[1e-11,2.0467362357003126e-05,0.9435944730337986,561.1324194437036,0.00015081436025190753,0.7117999457450999,1000000],0.032174994898787564
9,ABC,2,10000,[1e-11,1.5671293018098734e-05,0.9761622301137156,484.57019157749306,0.00014811423520455662,0.7584245116437203,40487.381208598104],0.02678042117752177
9,ABC,3,10000,[1e-11,2.236138598791228e-05,0.9437137916857676,605.972090937231,0.00014973261801046357,0.7412777386542203,58871.89556525102],0.034130505212829905
9,ABC,4,10000,[1e-11,2.3975737625033075e-05,0.9300356165007903,469.91490704906425,0.00017854201224831566,0.6639569952972942,1000000],0.03560097088260975
9,ABC,5,10000,[1e-11,1.3964787916470745e-05,0.9853006158127875,274.66530756651844,0.0001826800721946471,0.6047912534506806,1000000],0.022904793413227254
9,ABC,6,10000,[1e-11,2.3406545603187266e-05,0.9423489230545743,494.53733330520214,0.00016540308048131828,0.6793816715695473,1000000],0.036530173187131594
9,ABC,7,10000,[1e-11,2.1320283978774143e-05,0.9449582430479517,433.64003550998456,0.00015353561688447108,0.6980258143316984,92786.7300025143],0.028675599697633596
9,ABC,8,10000,[1e-11,1.6684449986585037e-05,0.9683907328582497,421.6770563735787,0.00016211241569109625,0.6598519620421491,1000000],0.025190268837654642
9,ABC,9,10000,[1e-11,1.8683452270452064e-05,0.9522136168273213,270.1417066160917,0.00017341028883539758,0.6252517569443348,1000000],0.02750162622758769
9,ICA,0,10000,[2.9367547625260164e-08,1.2751879972793225e-05,0.9904677465713791,271.45257847725895,0.00016787957290801656,0.6573224751893953,999999.999999366],0.018600384747759355
9,ICA,1,10000,[5.5815586742444186e-08,1.2833868646588194e-05,0.9899748728469283,280.81649725653506,0.00016806688913764814,0.6600736676007866,999701.1633987087],0.01864007755286363
9,ICA,2,10000,[3.033624791923106e-08,1.6098940935167717e-05,0.9688490478052303,357.26581275072334,0.00015425403271506462,0.7014532069573424,52048.88024006559],0.02135303167368981
9,ICA,3,10000,[1.2284827873871348e-08,1.3046220035558692e-05,0.9882240200912227,282.5584126818378,0.0001668480394581874,0.663706999465616,914259.1990492875],0.01868755119724588
9,ICA,4,10000,[6.086227542886196e-08,1.267683639591936e-05,0.9909598173971277,267.8480051154668,0.00016849089414564442,0.6556097446689508,999999.8495870878],0.01858866748387798
9,ICA,5,10000,[5.6937370328293236e-08,1.4277014262001925e-05,0.980256652237725,344.62677847838023,0.00016344294169064254,0.6813910222053481,154277.80559544655],0.01977049238772872
9,ICA,6,10000,[1.635757265832181e-08,1.2523771902986252e-05,0.9921377334314028,264.650574493068,0.00016886362426198293,0.6547589549355348,999999.9999990074],0.018580167885851658
9,ICA,7,10000,[6.696233577898687e-08,1.2711999363928907e-05,0.9907721789134022,273.389900768751,0.00016846772147084273,0.657455865046346,999999.9999414268],0.018600297683137094
9,ICA,8,10000,[6.279656912958445e-08,1.7124031822481472e-05,0.9634240060229956,466.4108929758323,0.00014845873716236673,0.7343576031524744,61959.69298687284],0.02447574478445254
9,ICA,9,10000,[7.122468698192463e-08,1.2888709541753364e-05,0.9894853742710664,276.7880832015709,0.00016752225326116388,0.6591261744379314,899256.984227426],0.01862835470408663
9,BH,0,10000,[5.167684940047914e-08,2.2418860404938273e-05,0.9374490081677161,445.41398722122045,0.00017158889018726748,0.6686393767110179,581321.994238973],0.03114075327583565
9,BH,1,10000,[5.949864623885694e-08,2.3125747879440946e-05,0.9364721584969681,529.3920945618557,0.00016303352802160437,0.6912988861081483,551948.5384781965],0.03231894069175774
9,BH,2,10000,[6.018030681055235e-08,2.177894920795561e-05,0.9401450691078379,469.6832436819823,0.00016324922888225649,0.6875734174486909,335451.819855671],0.02943678565797955
9,BH,3,10000,[5.824555150528256e-08,2.3649163406134025e-05,0.9324857062155003,523.2904242430576,0.00016328795448165143,0.6908138363352523,438740.86456622585],0.03317946095074177
9,BH,4,10000,[4.835400167084606e-08,2.0380674068392213e-05,0.9456876325250012,435.71031097687535,0.00016650163694116306,0.6772078127600207,643973.3212919272],0.027147098117322424
9,BH,5,10000,[5.112398455756276e-08,2.1880147697708495e-05,0.9400173770436784,502.0276735009502,0.00017060369428779633,0.6782722915832132,554700.0896177159],0.030634124923361705
9,BH,6,10000,[4.209560704127094e-08,2.186348824654567e-05,0.9392328578674193,505.26902461713325,0.00016839113786894664,0.6832114359778427,451166.7196679202],0.030610682879821938
9,BH,7,10000,[5.699786540013395e-08,2.3746371222424507e-05,0.9310392202550108,523.7810921652326,0.00016448903458986057,0.6906336098252027,538473.6566930874],0.03373074129910771
9,BH,8,10000,[4.99667808188196e-08,1.9918179385621566e-05,0.9489923568509979,442.48743814862314,0.00016739943201538482,0.6760297988124141,714316.7175214089],0.02645346037726966
9,BH,9,10000,[4.720646358592164e-08,2.4133246221629647e-05,0.9313313336765724,514.3172071622605,0.00016968163785206671,0.6791787208567016,382349.23955719935],0.034418649462329934
