ECM-Num,GOA-Name,Repeat-Time,Iteration,Fitted-Parameters-List,Chi-Square
9,DE,0,10000,[0.009190817721395616,6.719742423312525e-05,0.8610191684212171,4.313930848482764,4.7251529280366834e-05,0.8535247029797662,31556.32591113454],0.003939512276434636
9,DE,1,10000,[0.009190817769638773,6.71974249254904e-05,0.8610191676352914,4.313930888701769,4.725152837206651e-05,0.85352470471164,31556.32563289399],0.003939512276434641
9,DE,2,10000,[0.00919081746166511,6.719742486766174e-05,0.861019167687529,4.313930894617359,4.725152848308171e-05,0.8535247042235532,31556.32572991558],0.003939512276434642
9,DE,3,10000,[0.00919081750209303,6.719742476903897e-05,0.861019167667767,4.313930843700895,4.7251528544572725e-05,0.8535247044971545,31556.32587944931],0.003939512276434634
9,DE,4,10000,[0.009190817335034511,6.719742489862521e-05,0.8610191676139531,4.3139309034173685,4.725152838576421e-05,0.8535247044208374,31556.325840700654],0.003939512276434639
9,DE,5,10000,[0.009190817844114553,6.71974229896299e-05,0.861019169779536,4.313930771279893,4.725153033868351e-05,0.8535247018912526,31556.32556576321],0.003939512276434639
9,DE,6,10000,[0.009190817699522616,6.71974234566035e-05,0.8610191692335731,4.313930813470075,4.725152982770411e-05,0.8535247026866616,31556.325772855427],0.003939512276434638
9,DE,7,10000,[0.009190817531971806,6.719742485111487e-05,0.8610191677027863,4.313930946680256,4.725152859080043e-05,0.8535247042285169,31556.32582101743],0.00393951227643464
9,DE,8,10000,[0.009190817456162058,6.719742490111641e-05,0.861019167573806,4.313930912368672,4.725152847013642e-05,0.8535247045884197,31556.325809285845],0.003939512276434638
9,DE,9,10000,[0.009190817584095215,6.719742446999346e-05,0.8610191680641313,4.313930839694919,4.7251528954915254e-05,0.8535247034014016,31556.326437410684],0.003939512276434639
9,WOA,0,10000,[0.004404800586779751,7.222790422795848e-05,0.8547139948418373,4.50243819326872,4.206637815593183e-05,0.8624930437407569,31058.611346199727],0.003989334381779557
9,WOA,1,10000,[0.012385226425837942,6.38290773335977e-05,0.8654870637539028,4.199482845647717,5.0432539464717907e-05,0.8490212479789713,31200.447625290642],0.003957987968034521
9,WOA,2,10000,[0.003981995319407495,7.511850037959493e-05,0.851923501464558,4.542034927692078,3.918947654360252e-05,0.86902844446577,31643.715958106943],0.004024260768931622
9,WOA,3,10000,[0.013834797119636132,7.086630363986723e-05,0.8575262533727548,4.564985215946283,4.381146466009851e-05,0.8571977647529611,32848.37413870299],0.004038912137477995
9,WOA,4,10000,[0.013205391152373132,7.962077391899642e-05,0.8492002058337457,5.806974257929272,3.466084651766611e-05,0.8770153322259319,31272.895487836784],0.004113273919192689
9,WOA,5,10000,[0.0009254195784158915,8.477067594298418e-05,0.8422975010188891,5.535753231703311,3.062011194877625e-05,0.8881986564221993,32387.34430060447],0.004157320771192289
9,WOA,6,10000,[0.006085169216193535,6.383771229045877e-05,0.864304313957549,3.9369030080688066,5.052726814609244e-05,0.8496438872285469,31011.421048301134],0.0039797915581453
9,WOA,7,10000,[0.004080566764994779,7.360378103061869e-05,0.8532547294048158,4.5786323524026935,4.1136438658294584e-05,0.8640340099517693,31708.65561277224],0.003989504648852889
9,WOA,8,10000,[0.0004590522304881586,5.701443267362474e-05,0.8713327176943895,3.1914862999582683,5.822022659982579e-05,0.8402651324250134,32679.255271962946],0.00425008085863541
9,WOA,9,10000,[0.005573471561326929,7.048091254168867e-05,0.8565668799379448,4.2752573226738075,4.39065406693046e-05,0.8594962617745225,31258.48215649463],0.003969693963417475
9,ABC,0,10000,[0.002382788725800845,0.00010295717543338423,0.8303825020341457,9.680145892313728,1.4274205795116956e-05,0.9588517103072219,45106.372410901364],0.005588897868912402
9,ABC,1,10000,[0.012992918677596227,8.353541200402288e-05,0.8467363015864091,8.238901392385754,3.3058055915487234e-05,0.8773174543523616,30106.059567747492],0.004787480231133067
9,ABC,2,10000,[0.015043375877351606,7.145810840901793e-05,0.8595404074287518,7.422014924668334,3.799820068686774e-05,0.8710360096645076,34316.0815052313],0.00564231580348637
9,ABC,3,10000,[0.010283003109002415,9.903240998032238e-05,0.8333402369834336,8.072232406094145,2.0511711835213984e-05,0.913032842438057,40823.467034623594],0.004985146745245411
9,ABC,4,10000,[0.021815606570236935,6.724886077938325e-05,0.8676336570049173,6.426898958231286,5.350452855145806e-05,0.8275239160266409,30666.757951746113],0.006054565169452359
9,ABC,5,10000,[0.016531946933409394,7.989597102390781e-05,0.8501937389533951,5.378579008499067,3.231309446216849e-05,0.8862509121553485,37033.86367221209],0.004926953783166364
9,ABC,6,10000,[0.014415776884716493,9.990523949123353e-05,0.8348831976537561,10.478656015145448,1.8029703987721938e-05,0.9264747812686726,50252.652267274796],0.006105307451629898
9,ABC,7,10000,[0.015755830774021918,0.00010004999693648148,0.8337767968600706,9.391759192249099,1.9079647294484385e-05,0.9139294235727181,39953.833460981725],0.005287950277197319
9,ABC,8,10000,[0.016339203724153054,7.33775681128914e-05,0.858085801307879,4.747552504578651,4.196866499913466e-05,0.843249501676032,39381.79540827735],0.005233044795097553
9,ABC,9,10000,[0.02008252362400154,8.548942110107843e-05,0.8431972606322341,6.521596288327139,2.917710551218851e-05,0.8821805198171013,33315.560718569934],0.004922344718747623
9,ICA,0,10000,[0.043205149219577826,8.68235909126474e-05,0.8534500506324354,13.895189474237753,2.6885791171915076e-05,0.8608240200000037,33299.63776197171],0.009813011222805427
9,ICA,1,10000,[0.016044873368066856,0.00014149543571626415,0.813100358681096,36.62190695941464,1.0000001017346257e-07,0.6572357108640682,65885.79119481189],0.02085125905520219
9,ICA,2,10000,[0.0030734936518333382,0.00011487307910375203,0.8197064432243488,10.777550616211812,8.640044196209813e-06,0.999999999998051,40995.96289453617],0.006107893479345777
9,ICA,3,10000,[0.01708411726992434,0.00012902671983635973,0.8186892614094181,60.88045025521062,4.398732667116441e-06,0.9999999999999228,48229.450015125716],0.012916817328376217
9,ICA,4,10000,[0.014392458125723553,0.00012494217975723195,0.8130212936105486,11.225169942080985,6.73999521394195e-06,0.9999999999931705,678038.0603083094],0.01260020850102611
9,ICA,5,10000,[0.00550795684626809,0.00011097039595552447,0.8230415334152833,10.432303882067245,9.878734639406067e-06,0.9972873617594001,40434.80044722911],0.005662872047687623
9,ICA,6,10000,[0.030086911518892524,0.0001356246270996992,0.8190832704097839,77.38155640656629,1.000000011835184e-07,0.477970191508246,90597.94874382745],0.020442801126311975
9,ICA,7,10000,[0.009906833498911393,0.00011205280240162411,0.8247686759520668,15.33520315217817,9.34914865968503e-06,0.9965414857168653,49705.54166822191],0.006528192886686268
9,ICA,8,10000,[0.029678795004742756,0.00014089496263857386,0.8135937459268525,78.04855750904946,1.0000000106673821e-07,0.41799042223895305,63129.81897374863],0.02125500159987893
9,ICA,9,10000,[0.01810844726578522,0.00012853540732587977,0.820513297141068,80.15859517379543,4.05877138138023e-06,0.9999999999998893,456674.4627399596],0.017006132310009147
9,BH,0,10000,[0.013240427235216835,7.688086215841246e-05,0.8515342329868199,5.587684137983258,3.928564599069412e-05,0.8628121966770109,35367.272889042826],0.004205473798265912
9,BH,1,10000,[0.011107585596930633,8.100570181077608e-05,0.8474002721356139,5.718042729637286,3.50550402192694e-05,0.8719079868597047,33741.75552166987],0.004121422955729286
9,BH,2,10000,[0.01259989706667624,8.080482561313317e-05,0.8481656840601217,6.079730003453711,3.518976281378185e-05,0.8719296256630829,33658.68966322525],0.004177475309847123
9,BH,3,10000,[0.012179890856185727,8.516324574269274e-05,0.8444799862094142,6.757273349257177,3.0886775223751826e-05,0.882606690432474,33593.77959522967],0.004262162331920428
9,BH,4,10000,[0.012395463536741114,8.830832502620375e-05,0.8414582978070531,7.223617219162952,2.8206605697153438e-05,0.8903167625182403,34551.24968004671],0.00437424313345004
9,BH,5,10000,[0.013986901765270647,7.912830550874475e-05,0.8494155773656098,5.60312644768271,3.667333228771067e-05,0.8676419474709705,34477.614544352684],0.004188664436365168
9,BH,6,10000,[0.009776425051922681,7.900063271809018e-05,0.8488865283850643,5.295948550483074,3.666815709626051e-05,0.8695411282243015,33528.258789925516],0.004049804057472129
9,BH,7,10000,[0.010791541949958988,7.810146367956451e-05,0.849915984145055,5.279018712444079,3.7732153648624765e-05,0.8666589053929077,33950.57071251339],0.004071041049532158
9,BH,8,10000,[0.012441213790927344,7.974111149621502e-05,0.8488858018483064,5.792320769829229,3.6592412914717824e-05,0.866533843379117,35677.84149287015],0.004231577260385171
9,BH,9,10000,[0.012417813599427348,7.9854274472995e-05,0.848575846880714,5.6828364204613715,3.639858859701491e-05,0.8684388327372348,34853.141075224084],0.0041783137816205585
