ECM-Num,GOA-Name,Repeat-Time,Iteration,Fitted-Parameters-List,Chi-Square
2,GSO,0,10000,[0.016543363547849795,0.02488421970004732,0.7726849858919167,99.17317194448796,0.003206441782150126,0.7755934643972427,1507.7832631783085],0.0033122259541260904
2,GSO,1,10000,[0.016534023574154406,0.040144920000880255,0.7747544443114445,92.83146073090012,0.003061104889272436,0.7751224236038694,1471.6846078771673],0.0032923229388869186
2,GSO,2,10000,[0.016533412311117095,0.08470964683990861,0.7748668028364083,45.64635337524673,0.002943252291539965,0.7750957707698679,1517.6110899758428],0.0032916537486591
2,GSO,3,10000,[0.01656621909269108,0.022556838386091984,0.7693460793893422,84.1928720412254,0.0032413842276683247,0.7764497960383425,1579.02327338232],0.003344212975401552
2,GSO,4,10000,[0.016176820612550845,0.004357964212316077,0.7463206661184454,44.61727452277898,0.0029338537222454203,0.9793122849514269,789.5458964895912],0.0035258739225491067
2,GSO,5,10000,[0.016532925855789898,0.08764998927828029,0.7751236239679399,65.02970538732546,0.0029399475145616433,0.7750810102917728,1501.5341921773386],0.0032920362299172505
2,GSO,6,10000,[0.01653343987983881,0.059968591682583824,0.7748514994605546,63.852484835645384,0.0029860019432325657,0.775101790057914,1499.7506134660732],0.0032918225781596922
2,GSO,7,10000,[0.01654971313755563,0.024578427345646154,0.7720840666498878,91.81257295601,0.0032091380471805284,0.775766415556945,1529.45366273257],0.0033202386515056117
2,GSO,8,10000,[0.016532383140517748,0.06767022934513961,0.7750464045504517,75.12562882222021,0.002969419679104619,0.7750795855701696,1489.240014609827],0.003291655769973801
2,GSO,9,10000,[0.016534113153717594,0.06961709929724377,0.7743105866763534,47.47873286059354,0.002965286114566213,0.7751332326666377,1518.705145616003],0.0032929414425126365
2,GWO,0,10000,[0.006652060483983741,0.025417947110538044,0.3,0.01,0.002843237704732935,0.7752043155813243,1558.7914126190535],0.0033357597922578567
2,GWO,1,10000,[0.01800502316674497,0.00902919902701224,0.8280105062754561,1.3638191234972579,0.002806681981702958,0.7977038009080909,1376.0501712206408],0.0010492786863407653
2,GWO,2,10000,[0.00016176093145898825,0.005614160437578075,0.3,0.016434858817592043,0.002843763196595768,0.7751539983744437,1561.2018067894194],0.0033180661967610867
2,GWO,3,10000,[0.017840801857326224,0.009065614736342605,0.7615721088884612,3.9257542879066563,0.0027529554820407234,0.8237009672594583,1198.8291279387984],0.0009852045380485126
2,GWO,4,10000,[0.016556381644779114,0.009629821480116438,0.7971517088485621,100,0.0039501086598989,0.7691867788027683,93920.13064562023],0.005047010764857504
2,GWO,5,10000,[0.017955638564857348,0.009560348976184326,0.7786761256349694,2.6759632319323985,0.0027732995258057994,0.8122433049809489,1268.5236093750625],0.0009616716636448283
2,GWO,6,10000,[0.0006940661118054169,0.00016708089695758105,0.32574696729904407,0.01584116836845284,0.0028443942863142137,0.7750868089352029,1561.6764646979598],0.0032924943468541283
2,GWO,7,10000,[0.016536781545737664,0.02678160976960472,0.7733852594962368,99.57860180293723,0.0031791556640240293,0.7754103722249042,1497.3524436956177],0.003305466516934903
2,GWO,8,10000,[0.0003273287456248706,1.3599919912207923e-05,0.4886439080693994,0.016205462860129163,0.002844602752124317,0.7750806766000063,1563.6598948431295],0.0032924008805655888
2,GWO,9,10000,[0.00190873782913817,0.0002194598575090787,0.3626788908265636,0.01462779579218803,0.0028443663798521437,0.7750905687617958,1562.7300356156156],0.003293539123944504
2,WOA,0,10000,[0.01802021349064087,0.009076205243609314,0.8271555618676392,1.3831625335600068,0.002806614293763644,0.7978234231292709,1381.0588289515688],0.0010464966296303523
2,WOA,1,10000,[0.01802463287399463,0.008825486216920968,0.8331598165652607,1.3092881152306792,0.0028076429769651264,0.7970384890228771,1374.2348313859504],0.0010597478301396955
2,WOA,2,10000,[0.01784311402989693,0.010002855348354019,0.8314153946302267,1.1646977327760872,0.0028143143252817747,0.7944258231385999,1405.5574974740239],0.0010981553861705087
2,WOA,3,10000,[0.015803639642085185,0.028354608350683284,0.7798387076507917,0.6412129760105478,0.0028212855224330267,0.7853937154329774,1329.4363600519662],0.002428004494480744
2,WOA,4,10000,[0.01788317107424791,0.010014595421082167,0.773458708827929,2.7456235691113156,0.002772307304089663,0.8124668546602316,1258.624086389836],0.0009666653644754839
2,WOA,5,10000,[0.01802223371728473,0.009403161483201755,0.7926161016615686,2.1707889524269524,0.0027843168658245516,0.80730953577645,1300.102421934795],0.0009747232548792023
2,WOA,6,10000,[0.017886900667881005,0.007724466176791624,0.877213638375572,0.865414915847205,0.002827034727181396,0.7906470691251941,1441.1401635882862],0.0011776363881069408
2,WOA,7,10000,[0.01797708129206938,0.009751810777359553,0.7904882621632657,2.1760965190889974,0.0027856211795950878,0.8067532958108871,1297.1158019712418],0.0009741045954695559
2,WOA,8,10000,[0.01782596865294488,0.009161438633837414,0.7613965196459009,3.969542325512773,0.002760345788006353,0.8229827166777367,1210.4902028439424],0.000987294453836274
2,WOA,9,10000,[0.017953795144786466,0.009992625216355654,0.7929897244734296,2.032054845288892,0.0027900294191305947,0.8049243471623053,1323.9635522313233],0.0009828715166257374
2,DE,0,10000,[0.017943619401119493,0.009525753322046122,0.7759652795995805,2.8143582657888735,0.0027705711383305136,0.8136081448333369,1258.7999297256288],0.0009611683243425846
2,DE,1,10000,[0.017943619395658892,0.0095257534246136,0.7759652814874851,2.8143581303056604,0.002770571139195353,0.8136081435275531,1258.799938251736],0.0009611683243425855
2,DE,2,10000,[0.016533083810146943,0.04488583340990159,0.7750838408086304,99.0466737537273,0.0030369735894469766,0.7750838411613394,1463.889051194046],0.0032913929015744403
2,DE,3,10000,[0.017943619376098046,0.009525753467933079,0.7759652812870311,2.814358132869291,0.0027705711388815307,0.8136081434160785,1258.7999359575863],0.0009611683243425855
2,DE,4,10000,[0.017943619391909253,0.009525753472345981,0.7759652823953004,2.8143580808984905,0.0027705711417884663,0.8136081427969528,1258.7999386768095],0.0009611683243425846
2,DE,5,10000,[0.01794361938846476,0.009525753441718021,0.7759652804991276,2.814358180973804,0.0027705711404710223,0.8136081437905252,1258.799935964707],0.000961168324342584
2,DE,6,10000,[0.01794361940562872,0.00952575342111177,0.7759652813317934,2.8143581409492575,0.0027705711381113525,0.8136081436583461,1258.7999387728116],0.0009611683243425853
2,DE,7,10000,[0.017943619385938605,0.009525753389549156,0.7759652798135702,2.814358250600343,0.002770571137972697,0.8136081443592172,1258.7999295371771],0.0009611683243425868
2,DE,8,10000,[0.01794361939315681,0.009525753442348581,0.7759652810631709,2.8143581894828733,0.002770571145053151,0.8136081434132,1258.7999450438933],0.0009611683243425859
2,DE,9,10000,[0.01794361938307227,0.009525753488039017,0.7759652809219058,2.8143581615441158,0.002770571143904567,0.8136081432715758,1258.7999428376127],0.0009611683243425854
2,ABC,0,10000,[0.017018654783773995,0.029174154391314787,0.7599957399152942,4.582854476023589,0.002956277803422386,0.7837760179917027,1651.076457114601],0.0027064291267613633
2,ABC,1,10000,[0.01654471832608156,0.008700023613926525,0.735784763542762,5.415847605106797,0.002592484015721884,0.8496705699603867,1005.0766580768324],0.0017097540735853498
2,ABC,2,10000,[0.01682332580927623,0.016104579534271763,0.7136566614312502,6.75758662788321,0.0027617678860832077,0.8180216507994053,1644.0378407683875],0.0028692166265767986
2,ABC,3,10000,[0.017493893948646182,0.008451955810937287,0.9674031131332211,0.9138737717275731,0.0029743436672946743,0.7767257412888962,1495.3863381868664],0.002144934529054454
2,ABC,4,10000,[0.017414965827608826,0.015016754761528747,0.7663826239908867,3.7078810416531764,0.002956966365463714,0.7954375936795612,2222.761933446862],0.0024477675541873098
2,ABC,5,10000,[0.016994171247202865,0.016308139034998472,0.7133668116969039,2.9762996002864686,0.0027222604830354855,0.817328324616046,1172.9175741716062],0.00195367019936494
2,ABC,6,10000,[0.01781699870653461,0.013143333188627095,0.8171680764665522,1.2686644176325683,0.002830475824211179,0.7902637863313035,1626.18877355308],0.0014192957253811843
2,ABC,7,10000,[0.01709448989304836,0.021761415402820936,0.774398142583362,2.344277118408243,0.0029756934834740756,0.7841024642830579,1669.682011887181],0.002210793784819321
2,ABC,8,10000,[0.017209525731537494,0.009060578937480428,0.7496069139974647,5.018053651973121,0.0028857762798605788,0.8244306435835912,1366.5040791474491],0.0016981481722054311
2,ABC,9,10000,[0.018578979964306377,0.007802591975909929,0.7593297948317546,7.268952712424203,0.0028487055512720675,0.8351434553171287,1208.3236016599237],0.0016629685011365807
