ECM-Num,GOA-Name,Repeat-Time,Iteration,Fitted-Parameters-List,Chi-Square
9,DE,0,10000,[1.0006233386243302e-13,2.5591353517038603e-05,0.9566747140858229,20.398967312705693,0.0003408528322310478,0.5811092736580208,1000000.0],0.008357296854439988
9,DE,1,10000,[1.0000050308073461e-13,2.559135322233374e-05,0.9566747149642771,20.39896693215408,0.00034085283283655953,0.5811092734002881,999999.9999999967],0.008357296854439977
9,DE,2,10000,[1.0002306489145136e-13,2.5591353564316963e-05,0.9566747139169168,20.398967346139713,0.00034085283265981647,0.5811092733841053,999999.9999999972],0.008357296854439986
9,DE,3,10000,[1.0000246217840372e-13,2.5591353294392167e-05,0.9566747147895188,20.39896708442241,0.00034085283270847725,0.5811092733757522,1000000.0],0.008357296854439984
9,DE,4,10000,[1.000090771469533e-13,2.5591353540667187e-05,0.9566747141120718,20.398967603782925,0.0003408528326116396,0.5811092733364426,999999.9999999916],0.008357296854439988
9,DE,5,10000,[1e-13,2.559135327036001e-05,0.9566747148623728,20.39896693169414,0.0003408528334524238,0.5811092733827508,1000000.0],0.008357296854439991
9,DE,6,10000,[1.0000951015054496e-13,2.55913537625458e-05,0.9566747130860291,20.398967375002073,0.00034085283238543445,0.5811092735778739,999999.9999999915],0.00835729685443999
9,DE,7,10000,[1e-13,2.5591353481585636e-05,0.9566747141427325,20.398967260239303,0.0003408528324434837,0.581109273539416,1000000.0],0.008357296854439986
9,DE,8,10000,[1.0003591841523035e-13,2.5591353629116722e-05,0.956674713649373,20.3989675182196,0.00034085283270195903,0.5811092730106268,1000000.0],0.00835729685443999
9,DE,9,10000,[1.0002135457161725e-13,2.559135330394179e-05,0.9566747147570732,20.398966989481792,0.0003408528324075911,0.5811092734952199,999999.9999999998],0.008357296854439988
9,WOA,0,10000,[7.405781221402157e-12,2.5715437032872514e-05,0.956318275830101,20.92234373026913,0.0003380231968511069,0.5832964832389556,173554.32055958657],0.008547117731904696
9,WOA,1,10000,[2.4001992606767473e-10,2.6807865665543035e-05,0.9534157639933115,22.081023359960728,0.0003416348314488325,0.5799132334433001,360752.9697534915],0.00847372423910651
9,WOA,2,10000,[2.9454177506951134e-10,2.4686585972425886e-05,0.9597224786721182,19.01279112918469,0.00034057810424788454,0.5815919459468724,341306.514671637],0.008439092267007696
9,WOA,3,10000,[2.0668041751077346e-10,2.4520862747614244e-05,0.9601729615542096,19.93048986851466,0.0003412915407816345,0.583932141941637,347092.9207230576],0.008460378848524408
9,WOA,4,10000,[8.388491092498912e-12,2.731656696869197e-05,0.9514324526451109,24.24806672312457,0.0003363374522050569,0.5837629997566615,189786.3640324947],0.008534908623981178
9,WOA,5,10000,[5.529276284794688e-12,2.8434892468168645e-05,0.9477598324395349,25.76723746198937,0.0003335963142597105,0.5842970084483383,655511.404187026],0.008444366465351938
9,WOA,6,10000,[6.935731145506756e-11,2.348689083550173e-05,0.9636087222846129,16.757280518931804,0.0003416470220005355,0.582102888352735,260118.69513213623],0.00849437369057857
9,WOA,7,10000,[5.899787919265212e-13,2.6242300250177057e-05,0.9546183825220746,21.77963564981853,0.0003357440711599094,0.5844957409561508,105676.35180934794],0.008708430215254286
9,WOA,8,10000,[3.5567572023419863e-10,2.8713465546618116e-05,0.9475493646227182,29.092037079327394,0.0003255945293985449,0.5903118813040881,149334.74439176117],0.008778241674683511
9,WOA,9,10000,[4.386984970736675e-12,2.6780964372773652e-05,0.9532977633924604,23.58844197834929,0.00033705916743717986,0.5841830965644511,217786.29774857624],0.008508735534806853
9,ABC,0,10000,[1e-13,1.2841117426771568e-05,1.0,1,0.0003068480734742268,0.6554180667325006,99345.17977092168],0.039156948782071384
9,ABC,1,10000,[1e-13,8.967973107022829e-05,0.854904691257799,371.21350271156507,0.0003775243012030709,0.5998318741158877,1000000],0.035340498394626184
9,ABC,2,10000,[1e-13,8.084834798168991e-05,0.8608845378181225,257.3146434905357,0.0003156579063368779,0.6154654548632835,1000000],0.02257941345006916
9,ABC,3,10000,[1e-13,8.688636559023436e-05,0.8549769823642683,390.21982482632757,0.00032710984283607677,0.6040902451670163,852013.6382696985],0.02878246180878769
9,ABC,4,10000,[1e-13,3.0769694573623487e-05,0.9405327534940707,1,0.00038866418636517117,0.47250189270198967,1000000],0.030551860517561872
9,ABC,5,10000,[1e-13,7.923599405863255e-05,0.8635398150950617,188.22887542124363,0.0003409592539022801,0.5513020721675501,1000000],0.024254187066146723
9,ABC,6,10000,[1e-13,2.741792988527614e-05,0.9580961596130936,1,0.00040825631858362163,0.49497380274543223,1000000],0.027082776489860277
9,ABC,7,10000,[1e-13,0.00011180144102603169,0.8317999391947507,552.4335139524502,0.0003334590052195472,0.6243920961244211,1000000],0.03921880837693115
9,ABC,8,10000,[1e-13,7.923083320554624e-05,0.8625849835222394,37.24127408600032,0.00033927993213253024,0.4703919263108235,1000000],0.03331193029148928
9,ABC,9,10000,[1e-13,8.466051801817624e-05,0.8647760708112453,263.18912893401233,0.0002628676195550113,0.6860032250919461,64038.48329029222],0.03222598382347927
9,ICA,0,10000,[7.288727190179911e-10,3.511631546772088e-05,0.9303766709595727,40.08607504443223,0.00032984981757352077,0.5840260383790853,999999.9999999747],0.008761498636114147
9,ICA,1,10000,[7.444290219265751e-10,3.8119168965063334e-05,0.9236329359075316,51.12886476968384,0.00031220201395524655,0.5950703275169378,403930.5572184641],0.009517383623625846
9,ICA,2,10000,[2.2066363689901775e-10,5.794589797532636e-05,0.8882334473900854,134.31477494963104,0.0002918331967040383,0.6335460242177723,71036.42609999247],0.01389803826278447
9,ICA,3,10000,[3.8264027371330114e-10,4.6112520141142236e-05,0.9077813553018057,80.38828652669967,0.00030014038267888344,0.6160742706418617,38456.02040100855],0.011102124540141417
9,ICA,4,10000,[5.668852941837232e-10,3.947156672328676e-05,0.9201630465967625,51.35265132504807,0.0003260809602746058,0.5849796645993861,999999.9998793455],0.009222821371408776
9,ICA,5,10000,[9.332558899571905e-10,3.308513002262955e-05,0.935618098658938,37.082655266082185,0.0003317423617461503,0.5826708026415378,949792.0573865817],0.008633095495805493
9,ICA,6,10000,[5.299614271877127e-10,5.3791943645404743e-05,0.8933070114744643,104.80205364697817,0.0002822824182230428,0.622876239498258,38777.464082543716],0.012944435737234071
9,ICA,7,10000,[6.814081607551845e-10,3.3084464334446744e-05,0.9351838500917585,35.217666942944874,0.00033241326022340683,0.5827401632758924,999999.9999988863],0.00860902753830538
9,ICA,8,10000,[5.468689221353751e-10,4.3709310361886627e-05,0.9122582182365876,75.26780127046564,0.0003203833421605787,0.5962848730522787,999999.9999971658],0.01010465020464474
9,ICA,9,10000,[7.008470389282328e-10,3.411357712795892e-05,0.9331669914089191,40.946631057075905,0.0003310665669683346,0.5846971816150471,996157.6065320061],0.00872335707404285
9,BH,0,10000,[6.745716440846098e-10,0.00010278507761643017,0.8364010694709723,428.44985874188086,0.00028181697761890575,0.6636652323896367,538362.9747171454],0.031183102344382336
9,BH,1,10000,[5.199181472628336e-10,0.00012162159210202424,0.8229187232896314,749.9265346337268,0.000270153952200184,0.6896151618441203,542727.7327625259],0.04163233180117271
9,BH,2,10000,[5.483703724525904e-10,0.00010187066452824303,0.8361992517098625,514.6647391067645,0.00030384193032553244,0.6550269198891866,645836.748983573],0.03312965232059727
9,BH,3,10000,[4.52065698214242e-10,9.181650384308763e-05,0.8481679405386775,468.85746488617764,0.00028829119277581813,0.6794363310637852,529277.2482282267],0.02919516370877887
9,BH,4,10000,[4.629152469357308e-10,8.748907375080881e-05,0.8501588309524258,333.8344526146559,0.00029063792686133134,0.6342278479405183,473220.1867143737],0.024753916104310186
9,BH,5,10000,[5.897091027575378e-10,0.00010446441783183362,0.8353723493227913,455.96147507794007,0.00028620396834082865,0.6303068534512952,474719.4226209834],0.03202421925083857
9,BH,6,10000,[2.331877712302746e-10,8.20881626853622e-05,0.8566660186020466,209.34765073180836,0.0003046174664809954,0.5855826811060137,311003.27984619903],0.021715254123632333
9,BH,7,10000,[4.3744342331048525e-10,0.00010615430438685197,0.8329848256684794,366.9145120084004,0.0002707360154399941,0.6282454666313747,345752.4818456281],0.031974177814337736
9,BH,8,10000,[4.950574683297176e-10,0.00010216924320270182,0.8380240104755653,521.1142986434444,0.0003003011026237462,0.6615618728096785,453599.56702464196],0.03280132915068382
9,BH,9,10000,[6.061081349470151e-10,0.00010344705194111642,0.8363412935036444,455.1249426623457,0.0002704119427759606,0.6382611976679663,726571.9357664168],0.03160599467344277
