ECM-Num,GOA-Name,Repeat-Time,Iteration,Fitted-Parameters-List,Chi-Square
9,DE,0,10000,[1e-10,1e-06,0.3,0.001,0.0001,0.9418598448165617,0.1],1.141654394753801
9,DE,1,10000,[1e-10,4.486348329452909e-05,1.0,0.001,0.0001,0.3,0.1],1.1372890851333175
9,DE,2,10000,[1e-10,4.4863482432941876e-05,1.0,0.001,0.0001,0.3,0.1],1.137289085133317
9,DE,3,10000,[1e-10,4.486348321393471e-05,1.0,0.001,0.0001,0.3,0.1],1.137289085133317
9,DE,4,10000,[1e-10,4.486348243290517e-05,1.0,0.001,0.0001,0.3,0.1],1.137289085133317
9,DE,5,10000,[1e-10,1e-06,1.0,0.001,0.0001,0.9400938870564989,0.1],1.1416514640515023
9,DE,6,10000,[1e-10,1e-06,0.3,0.001,0.0001,0.9418598448135977,0.1],1.141654394753801
9,DE,7,10000,[1e-10,1e-06,1.0,0.001,0.0001,0.9400938870566039,0.1],1.1416514640515023
9,DE,8,10000,[1e-10,1e-06,1.0,0.001,0.0001,0.94009388705642,0.1],1.1416514640515023
9,DE,9,10000,[1e-10,1e-06,1.0,0.001,0.0001,0.9400938870562261,0.1],1.1416514640515023
9,WOA,0,10000,[3.470249567305821e-08,0.0012320039268824208,0.7578538490453214,0.0020172828244371193,0.018909064155200234,0.31152397503287443,0.10240773963063152],1.1845758568406703
9,WOA,1,10000,[3.77233505206158e-08,0.0005127871487624904,0.8184549812970491,0.0016878403426613903,0.007712895046325763,0.373560967687681,0.100454200640086],1.1626840464187527
9,WOA,2,10000,[2.908301133180767e-08,0.00018264071850088485,0.8851697910250805,0.0012445505411120274,0.0030730753051152805,0.5650735848376477,0.10045310551548363],1.1592356426697377
9,WOA,3,10000,[3.23102991281808e-08,8.87016380643245e-06,0.9041804151167366,0.0012728139249936863,0.00222544450814744,0.6768193084300769,0.10005713515958801],1.1728749134484528
9,WOA,4,10000,[8.773863801565591e-10,0.0001466679228442562,0.8957120603870566,0.0023510683728913562,0.03384462292418561,0.3241685707553171,0.10013040177176703],1.1611187494187387
9,WOA,5,10000,[1.5374920040810168e-08,6.490051768153659e-05,0.8484844958739975,0.001570728148027701,0.031520586327049877,0.4849878052946605,0.10057860930939895],1.2016183910221103
9,WOA,6,10000,[1.6309670334244157e-08,0.001819836941948229,0.6792022526919121,0.0018502376862002874,0.000893947059489359,0.45691429357688285,0.10153179723912788],1.1902540900537286
9,WOA,7,10000,[2.376958272720583e-09,0.000320984895299688,0.8089189495139183,0.0017564062721524458,0.0013882644350612283,0.6201966499854479,0.10008617126376915],1.1653220582467168
9,WOA,8,10000,[2.8419421189180054e-08,8.862479417516664e-05,0.976996136622803,0.0010190513442713744,0.05237526211663411,0.32757551271649127,0.10087539930854204],1.1662655175163466
9,WOA,9,10000,[2.7617034804157442e-08,7.278452619400337e-05,0.9700566482276863,0.0010817060868839592,0.0012562121913623197,0.34315165938113396,0.10193945907735927],1.1499284688816493
9,ABC,0,10000,[1e-10,3.992320563824239e-05,1.0,0.001,0.0001,0.3,0.1],1.138197717716208
9,ABC,1,10000,[1e-10,4.703488205931202e-05,1.0,0.001,0.0001,0.3,0.1],1.1374309297698169
9,ABC,2,10000,[1e-10,5.558416917262155e-05,1.0,0.001,0.0001,0.3,0.1],1.1400424398836748
9,ABC,3,10000,[1e-10,5.540382149092713e-05,1.0,0.001,0.0001,0.3,0.1],1.1399626579292803
9,ABC,4,10000,[1e-10,4.292802187723156e-05,1.0,0.001,0.0001,0.3,0.1],1.137416164505254
9,ABC,5,10000,[1e-10,4.706092045226936e-05,1.0,0.001,0.0001,0.3,0.1],1.137434244903647
9,ABC,6,10000,[1e-10,4.569713798504085e-05,1.0,0.001,0.0001,0.3,0.1],1.1373108091081463
9,ABC,7,10000,[1e-10,3.855048393738979e-05,1.0,0.001,0.0001,0.3,0.1],1.1388395956516353
9,ABC,8,10000,[1e-10,4.7701965929923845e-05,1.0,0.001,0.0001,0.3,0.1],1.1375269538591326
9,ABC,9,10000,[1e-10,5.208116208739747e-05,1.0,0.001,0.0001,0.3,0.1],1.1386545686543386
9,ICA,0,10000,[6.216423749369914e-07,0.0066334494451156575,0.5703887440773003,0.001000000054917408,0.10257107272742885,0.30620842579887186,0.10001431340930184],1.203249984684784
9,ICA,1,10000,[2.695517009039369e-07,0.006079084423894364,0.6407947721287444,0.0020498425650193022,0.9999999996343074,0.30000211276289385,416.34824759179156],57.168599421188254
9,ICA,2,10000,[3.3910561426928474e-07,0.00196491548580152,0.4379636724039999,0.2607981955893872,0.8424058414461851,0.5590659912661472,0.10243541886293699],7.6908750274771265
9,ICA,3,10000,[6.621878719520263e-07,0.004421047488453277,0.8021025978882603,0.001604510620607024,0.54250508187133,0.625854252167079,0.11772067662545765],1.4732979151803172
9,ICA,4,10000,[6.664762266215905e-07,0.005252405123938445,0.4825775739524498,0.009859928361363271,0.9026852439153316,0.45318709472651875,2.0495239312861493],33.66710314817666
9,ICA,5,10000,[5.082893280550178e-07,0.009686910256191174,0.356452115176541,0.062064438195610326,0.9812959640780948,0.6960695988271397,0.15852476484783973],2.626312502857177
9,ICA,6,10000,[9.285015295093547e-07,0.008003553892612283,0.7523005719639927,0.013376272749556323,0.25447665694647364,0.563925744474307,0.10000000005240083],1.3979593199576632
9,ICA,7,10000,[7.779890671428711e-07,0.0076660986035779095,0.6056636059258592,0.1738964566260011,0.4728069706467464,0.7757759722984793,0.10687739350085365],3.845448165464061
9,ICA,8,10000,[2.955098680147983e-07,0.0050986404032835496,0.5185073100830698,0.007818620589357329,0.9988065356690828,0.45541096460430935,0.10007315633311507],1.3390901938044746
9,ICA,9,10000,[5.518392341572612e-07,0.003495004278346289,0.8432016045656358,0.03692179228044745,0.8795101173087052,0.4073436664101747,2.029836317763567],35.33419118898724
9,BH,0,10000,[6.12658061531242e-07,0.005038345451375017,0.9079002828364214,0.10158319842575328,0.774187162737496,0.7850211559018376,0.32110023000344334],7.663845335554311
9,BH,1,10000,[7.441668754088437e-07,0.007272470829407527,0.9084546473819053,0.005526487673481799,0.9285744855426399,0.8231051733829025,0.13492469494185394],1.6596745918138283
9,BH,2,10000,[8.788085422267981e-07,0.006833685459137358,0.9597972338417899,0.019007206899441798,0.1952963543854216,0.6613002348891996,0.42307739590092397],8.863915063667102
9,BH,3,10000,[1.353631388899825e-07,0.005360010650423876,0.43831953712283267,0.055949072251305694,0.48116242343485394,0.4057971822517663,0.3583560850050619],6.7536387883879
9,BH,4,10000,[5.533268879773679e-07,0.0017292786020845358,0.3857776056078854,0.09962502478124574,0.7453836487939324,0.529801670584889,0.2906234152627157],6.341955795034136
9,BH,5,10000,[9.626583566414274e-07,0.001935425253548637,0.8612282688538095,0.019138140976206006,0.5141162909287066,0.6740439646064655,0.19069153591578167],2.479457271318912
9,BH,6,10000,[5.082394150648774e-07,0.0029847243582496134,0.5448944470283429,0.17965745057463323,0.4971175081472701,0.6317641990424564,0.23767229748305838],7.986624821132515
9,BH,7,10000,[2.1991026537333114e-07,0.0021130875978318244,0.6085542347721108,0.05048471591894113,0.7525819518800271,0.31599277825002725,0.1632586363136848],2.305329678596727
9,BH,8,10000,[7.037233758409656e-07,0.005624150498823833,0.6298713113282702,0.021135218923819966,0.7109882757972534,0.602712304352455,0.24946874228430715],3.3550947640313673
9,BH,9,10000,[3.289341070621703e-07,0.004201243451188977,0.8766947764603039,0.018550861541668743,0.23338418802949654,0.78680096433894,0.21413722863577267],2.9999256723010745
