ECM-Num,GOA-Name,Repeat-Time,Iteration,Fitted-Parameters-List,Chi-Square
9,DE,0,10000,[0.011890151701665483,2.26586863535375e-05,0.9616533299156114,11.941370717469383,0.0002390438070478886,0.6400885341378686,30053.719795720695],0.014463025766513307
9,DE,1,10000,[0.011890152026835778,2.2658686608257472e-05,0.9616533291611085,11.941370982723292,0.000239043806165293,0.6400885347183076,30053.718611582295],0.014463025766513307
9,DE,2,10000,[0.011890151507707107,2.265868672273089e-05,0.9616533285452855,11.941371130787683,0.00023904380582100832,0.6400885346159406,30053.71774409404],0.014463025766513303
9,DE,3,10000,[0.011890151849015554,2.2658686191003245e-05,0.961653330507069,11.941370746616458,0.00023904380646451223,0.6400885351016767,30053.717550385758],0.0144630257665133
9,DE,4,10000,[0.011890151671787369,2.265868644534855e-05,0.9616533296827274,11.941370939423205,0.00023904380604949232,0.6400885353867951,30053.71803507665],0.014463025766513302
9,DE,5,10000,[0.011890152125755069,2.2658686381791192e-05,0.9616533298793226,11.94137095838443,0.00023904380729923816,0.6400885344559741,30053.71921993588],0.014463025766513307
9,DE,6,10000,[0.01189015177879351,2.2658686922961992e-05,0.9616533278504719,11.941371171563747,0.00023904380656211246,0.6400885333528754,30053.718333940113],0.014463025766513302
9,DE,7,10000,[0.011890151510808975,2.265868720057308e-05,0.9616533268828243,11.941371502343404,0.0002390438062815968,0.6400885336743724,30053.718624855934],0.014463025766513309
9,DE,8,10000,[0.011890151847211042,2.265868647770878e-05,0.9616533296282176,11.94137108566672,0.00023904380644544426,0.6400885344506978,30053.718231563053],0.014463025766513307
9,DE,9,10000,[0.011890151736518962,2.2658686517848035e-05,0.9616533293384928,11.941370817345843,0.00023904380638307168,0.6400885340857893,30053.7189345787],0.014463025766513296
9,WOA,0,10000,[0.002425370480577364,2.671352304583265e-05,0.9470626869419845,12.188577662544319,0.0002479939438589635,0.6210054268892581,74564.895711469],0.015031029650072658
9,WOA,1,10000,[0.0026377320648914813,2.350046450546418e-05,0.9574175827256663,10.124120591410076,0.00024566735925749255,0.6297554598964028,45279.5744560538],0.014948000747907399
9,WOA,2,10000,[0.004538463696798655,2.7038736951225407e-05,0.9465911243207842,14.854716074118544,0.00023142610974558576,0.6386915980286476,25205.65017763048],0.014652938649384759
9,WOA,3,10000,[0.0006420405379021881,2.7296412360982008e-05,0.9446141611270581,11.396393480564392,0.00024799649948004256,0.6182274254561885,66388.06886697303],0.015161648991364155
9,WOA,4,10000,[0.013593991773863176,2.032193492482577e-05,0.9705574680686017,10.418017252832904,0.0002416005673174148,0.642721628085463,31500.11599870853],0.014495379793317961
9,WOA,5,10000,[0.0003852949125804546,2.8466804786735068e-05,0.9418674528564238,14.216403297258802,0.00024169681341937972,0.6242805033687044,48884.07681987438],0.014930223101884688
9,WOA,6,10000,[0.00021322684993654316,2.988424083719909e-05,0.9381431808432115,16.788194284111594,0.00022996164680914906,0.6327800432200246,30477.73046196676],0.014857858287430891
9,WOA,7,10000,[0.008663115081904075,2.7857444766841454e-05,0.9439323672464897,14.412870020415095,0.00023318826188670406,0.6323778543513789,27710.505564141848],0.014647461160948623
9,WOA,8,10000,[0.012037582175950419,2.1715360841298097e-05,0.9654155649181884,11.871936378540406,0.00023841808252550838,0.6432793853914041,28810.70796490921],0.014482455985623574
9,WOA,9,10000,[0.007811580529595693,2.0741103191824982e-05,0.96787293245355,8.525540256785868,0.00024962755444986947,0.6314514369077124,50718.94583132672],0.014852394404267492
9,ABC,0,10000,[0.009166774513848815,2.7288657735787124e-05,0.9477220799730253,15.836254558614769,0.00027085533544324075,0.6080299350064052,1000000],0.016544608319610816
9,ABC,1,10000,[0.0011366157729648674,4.0604418535936776e-05,0.9159361531964078,23.009457455623703,0.00025159718260100625,0.585319430450174,356120.8880976633],0.017033833936513056
9,ABC,2,10000,[1e-05,6.0737204294959196e-05,0.882473449435722,61.17367744168876,0.00021623568113696576,0.5833816062041128,47004.7345091259],0.019409889145437644
9,ABC,3,10000,[0.0018171711793820698,4.060592346783469e-05,0.916097590625036,29.181425629772033,0.0002372570672089935,0.5996650062281728,140599.59325335262],0.01671233491427779
9,ABC,4,10000,[1e-05,4.9064177846245966e-05,0.8984331388502205,41.630702770447435,0.00022606804159677792,0.6031253996390239,167940.94337460352],0.01736103482591173
9,ABC,5,10000,[1e-05,1.3373037753224709e-05,0.9830650956305608,0.1,0.00024803786011372856,0.6519024575786057,69898.18607281151],0.01828750311771245
9,ABC,6,10000,[5.581244196980754e-05,2.0965253849024947e-05,0.9557987495261397,0.1,0.00025082520135129153,0.6179916115187943,52174.33093677109],0.017989228574291697
9,ABC,7,10000,[0.01615344331572259,2.2134902688836042e-05,0.966871546143236,18.859672818438675,0.0002587622974787807,0.632927432624021,558538.1420377119],0.017766709750674976
9,ABC,8,10000,[6.52732595402559e-05,6.137466301262845e-05,0.8774717385384558,51.35900007305504,0.0002188168984819231,0.5721373546004783,84934.08480134048],0.018858370411434726
9,ABC,9,10000,[0.0007247732125538076,3.632403115994335e-05,0.9207908261356479,22.946439413027235,0.00022261857910984716,0.6301544756210216,44643.4299721668],0.015650246287715545
9,ICA,0,10000,[1.0948713676135313e-05,0.0001160648292411299,0.8218975912924357,503.9752644498193,0.0001857901125396558,0.5422224846372387,693487.1279170027],0.0330057328544011
9,ICA,1,10000,[1.3833856326476221e-05,8.953740463862112e-05,0.8449377016596841,126.83325987582799,0.00019933701348705932,0.5427498617235611,179091.7179383224],0.025044451583566277
9,ICA,2,10000,[2.8870333398326277e-05,0.00011390085263514198,0.8246475080513155,698.2371406966661,0.00018960862922867572,0.5579898844041145,743649.9991730393],0.033841749266475575
9,ICA,3,10000,[1.0000001038943507e-05,0.00010602340083225818,0.8317370869427256,515.3767035618616,0.00015805888702466372,0.6165686691957675,13220.210461389195],0.03198582844680801
9,ICA,4,10000,[1.3205732112327701e-05,0.00010180465161882294,0.8345918867273782,289.9364244562996,0.00018642330616118583,0.5381055264981959,575595.99203292],0.028763311377464944
9,ICA,5,10000,[0.0007802465288194532,6.784778346622575e-05,0.8725138803797067,101.00163247214799,0.00020642428858251604,0.6068447800318681,241839.62841967668],0.022065515604661985
9,ICA,6,10000,[0.0010323264146030755,0.00010532516900835027,0.8321710830471372,232.22870030003025,0.00018278063854310357,0.5229152423609783,314244.71449282515],0.029829593070244822
9,ICA,7,10000,[1.0000000560828408e-05,0.00012508348594137122,0.8161219565800858,520.3743500024312,0.00017717964478217851,0.5142760442599154,729363.9691971181],0.03558116885324091
9,ICA,8,10000,[0.007308350271477877,5.5666853351452386e-05,0.8857884064863562,36.56084236276392,0.00024316953364681793,0.5611972886090679,546005.8899165638],0.019498188559893076
9,ICA,9,10000,[1.0000000705463788e-05,0.00011343446668382543,0.8239732532600142,308.27325855485117,0.0001661179108174773,0.5375742059609738,51374.02054956961],0.031765240434162366
9,BH,0,10000,[0.005173396748693175,5.46953142394844e-05,0.8877775379242292,51.77367037738769,0.00023093856680957717,0.5886043810268048,427299.93407628883],0.01863326875389743
9,BH,1,10000,[0.006763333288119545,4.7599088320445795e-05,0.8992265178387782,30.976599751890475,0.00024041201367876262,0.5861973787925823,482974.138595371],0.01745374571688142
9,BH,2,10000,[0.008377581331544716,5.2190223386214725e-05,0.892280165313132,44.91324113640404,0.0002383864531791417,0.584923107121648,506082.13453903294],0.018642329605016706
9,BH,3,10000,[0.00638377055244791,5.843092362023432e-05,0.8825731546409593,55.8872192662251,0.0002285951368023841,0.5793927834141894,423183.1049264288],0.019379059212427104
9,BH,4,10000,[0.005006403179073914,6.0411612671921715e-05,0.8793578412876456,59.4322274937949,0.00022791206964541501,0.5742313991860449,513286.6593275389],0.019571844862590348
9,BH,5,10000,[0.004962805054078865,5.9538116993972884e-05,0.8805997734550576,61.05048382058381,0.0002294000674566686,0.5807363740069,437560.6200925426],0.019493843214899133
9,BH,6,10000,[0.0030492996896286225,5.7687290680837993e-05,0.8827724354897019,53.5322296205602,0.00022919377040159954,0.5819768272502823,477181.07487411617],0.018797623060195442
9,BH,7,10000,[0.005741285659008752,5.728906195342677e-05,0.8838694025691354,51.94463288477707,0.00022939142867716106,0.5803720539044229,523835.4471982606],0.01905086659642505
9,BH,8,10000,[0.0048606368609854424,5.9024099501045664e-05,0.881808715634286,65.22634410038633,0.0002297905127222643,0.579748146622622,595479.1400029488],0.01952914796105285
9,BH,9,10000,[0.006926113051045909,5.759010137991568e-05,0.8839194504207842,55.46052133043238,0.00023035776305121303,0.5773208261497251,423664.1843659512],0.01935234184052287
