ECM-Num,GOA-Name,Repeat-Time,Iteration,Fitted-Parameters-List,Chi-Square
9,DE,0,10000,[1e-05,3.503677496963171e-05,0.9270691372553951,330.2210512865038,6.10856681714822e-05,0.7117860730404497,32131.561089753664],0.038053626976151146
9,DE,1,10000,[1.0000000000006022e-05,3.5036774671011646e-05,0.9270691378796113,330.2210327193041,6.108566910176247e-05,0.7117860667062764,32131.562283930005],0.03805362697615114
9,DE,2,10000,[1e-05,3.503677468604858e-05,0.9270691380254745,330.22104930888264,6.108566835017439e-05,0.7117860739393408,32131.56156943409],0.038053626976151146
9,DE,3,10000,[1e-05,3.503677461419705e-05,0.9270691380571277,330.2210327039067,6.108566897291163e-05,0.7117860679036152,32131.562289546513],0.03805362697615114
9,DE,4,10000,[1e-05,3.503677481684631e-05,0.9270691375074032,330.22103941604246,6.108566821391255e-05,0.7117860717038614,32131.561318003434],0.03805362697615114
9,DE,5,10000,[1e-05,3.5036774370151635e-05,0.9270691387638096,330.2210218570091,6.108566885274576e-05,0.7117860715455853,32131.56163002347],0.038053626976151146
9,DE,6,10000,[1.0000000000007385e-05,3.503677500235034e-05,0.9270691371279709,330.22104157861605,6.10856676056665e-05,0.7117860731411098,32131.56062021224],0.03805362697615114
9,DE,7,10000,[1e-05,3.503677447327883e-05,0.9270691386172996,330.2210294673912,6.108566905256262e-05,0.711786070752314,32131.56179737498],0.038053626976151146
9,DE,8,10000,[1e-05,3.503677473561623e-05,0.9270691378566942,330.2210405331679,6.108566886674601e-05,0.7117860691883701,32131.56181737737],0.03805362697615114
9,DE,9,10000,[1e-05,3.503677443368055e-05,0.9270691387145603,330.2210254271543,6.108566930175013e-05,0.7117860694330364,32131.562204144335],0.03805362697615115
9,WOA,0,10000,[0.0003176073205365749,3.630606824611108e-05,0.9249336245683233,438.5188571490574,5.6322082337016186e-05,0.7487385906878486,24509.525463934704],0.03852293424760928
9,WOA,1,10000,[0.002798256033117167,3.394280929564104e-05,0.9299855901624836,287.6793543172458,6.274820871023683e-05,0.7052377512722268,33309.96870586255],0.03823369000950068
9,WOA,2,10000,[0.00022565508412297877,3.529558913686792e-05,0.9263824248185673,341.4988556849585,6.079005980158871e-05,0.7130631017728312,32062.74800598841],0.03806728665104185
9,WOA,3,10000,[0.0011098955012701006,3.45833848173304e-05,0.9277583680333493,230.70826166404876,6.67326260416879e-05,0.6749641700028269,36995.949139090655],0.038411286293935025
9,WOA,4,10000,[4.7865964775602144e-05,3.692856393354882e-05,0.9224397998001406,420.43563935016437,5.841821491498688e-05,0.7156618844872112,35773.376946036195],0.038377028269361076
9,WOA,5,10000,[0.0019860575015209453,3.4410170406892235e-05,0.9287710257224892,303.300928280261,6.254672272650307e-05,0.7007091580240811,35187.78932238976],0.038213158070930474
9,WOA,6,10000,[0.0007816047851785368,3.419015410081709e-05,0.9292230040916493,291.15813885155177,6.263011832167669e-05,0.7042415963486408,33454.70348075717],0.03810366055356517
9,WOA,7,10000,[0.00041090712364828504,3.6154336830035116e-05,0.9240934671065746,378.78088321543146,6.070638691852681e-05,0.7146736995012858,32276.82104392918],0.03811857516657933
9,WOA,8,10000,[0.0004278883739292482,3.3777455375361034e-05,0.9302179303602441,267.15149928387814,6.362644367304449e-05,0.6985136555740338,34665.827949657985],0.038100826457449326
9,WOA,9,10000,[0.001165322037184294,3.514318068454192e-05,0.9269329212494809,349.03055815861063,6.0143934908609435e-05,0.7109239208052143,30735.082697500933],0.038188739342881625
9,ABC,0,10000,[1e-05,3.1229727857208765e-05,0.937520700135277,117.36095288809344,7.450692891992295e-05,0.6383718406878436,45214.58557448741],0.03895633417635371
9,ABC,1,10000,[1e-05,3.5786427279630974e-05,0.9230494474791111,181.9350623522289,7.552476117279967e-05,0.6079900287517239,101256.47139572879],0.04004600410448578
9,ABC,2,10000,[1e-05,2.8885485812017756e-05,0.9432294159056007,79.48266631472623,7.65744576817549e-05,0.6354642161273987,75759.5311289148],0.03931161868633213
9,ABC,3,10000,[8.032406285306772e-05,3.0458378767126396e-05,0.9423015139988224,129.42862969153288,7.569837985947853e-05,0.6379061984633283,60429.99836029349],0.03962286826240325
9,ABC,4,10000,[0.0027334786784256057,2.5825421299224257e-05,0.9551053307561477,71.74537257183347,8.712134823745624e-05,0.6338761656817988,106717.42006993805],0.04022952251290736
9,ABC,5,10000,[1e-05,3.9969353496715775e-05,0.9168312167627876,475.6259340386616,5.812658158639014e-05,0.6848905181751759,33887.38490670477],0.03897793119704665
9,ABC,6,10000,[1e-05,2.8294140269075296e-05,0.9423410973321835,58.324650114658766,8.533738616276721e-05,0.6204231776342819,191260.7881008099],0.04066258711969508
9,ABC,7,10000,[1e-05,3.615421207394708e-05,0.9238224236900614,260.3273100114586,6.539066166183334e-05,0.6712134679100459,50458.097180663215],0.0388390846535167
9,ABC,8,10000,[1e-05,3.1632050377136115e-05,0.9361715344908308,126.99694571736336,7.239684191082434e-05,0.6755196522696674,42055.20270148585],0.039375498860135486
9,ABC,9,10000,[1e-05,3.834304651520069e-05,0.9171759069673723,410.2611428220547,5.6868378205043196e-05,0.715293944814427,30809.984327022456],0.038465924199207205
9,ICA,0,10000,[1.0000000022415483e-05,4.9162712020233234e-05,0.896087386851153,765.4111085792591,6.454463514421543e-05,0.5680060730595484,84634.5051966871],0.04372348284211398
9,ICA,1,10000,[1.000000002635477e-05,4.509210305479071e-05,0.9022984337259219,466.6533499230731,6.004691092475275e-05,0.624617722681497,49870.49219896095],0.041223666271223966
9,ICA,2,10000,[6.469217347971789e-05,3.044841148547415e-05,0.9392602708884669,97.3370355126689,9.29220734530686e-05,0.5851649575733635,513993.93242993247],0.04162001135221027
9,ICA,3,10000,[0.002238945270751365,4.826758896483639e-05,0.8981556972495702,968.6351953047778,6.174566415171503e-05,0.6517678437066504,277687.4221492101],0.04730845341022405
9,ICA,4,10000,[0.0031519872593679097,2.5649829660745695e-05,0.9537933319263437,32.35891200306497,9.390908950875536e-05,0.5942942131950726,530520.6759315713],0.041618807432107004
9,ICA,5,10000,[1.0000322351130959e-05,3.2828079846765645e-05,0.9324452772044516,155.24386310749912,8.21346721471049e-05,0.6087578449969941,608187.108023867],0.04110999883911446
9,ICA,6,10000,[0.0045083178151214,3.477696942606796e-05,0.92906464608792,331.6843593486989,8.225215218301724e-05,0.6069157746527677,921624.2051360658],0.0425848466740943
9,ICA,7,10000,[0.00028315180938381847,7.291804638438803e-05,0.8578008330713395,638.5372182693376,4.581437922970945e-05,0.30718147026860076,776614.6653622714],0.06210698842777024
9,ICA,8,10000,[0.00883076255730114,4.2719211845086146e-05,0.9095842140856374,686.6815348297538,3.8140083587822154e-05,0.9098628054964203,18730.91208984176],0.0444497760364341
9,ICA,9,10000,[0.0166847310122944,4.2447104777815366e-05,0.9104962363316917,294.4839114128897,7.583042966453247e-05,0.55274270215454,474637.1505150704],0.0458766356346404
9,BH,0,10000,[0.006166218472160962,3.723334387046565e-05,0.9213581712801356,319.2588112948805,6.5204398486039e-05,0.663619912722263,44993.50198395686],0.03927902247275355
9,BH,1,10000,[0.005157643911935142,3.67985154405068e-05,0.9220311887139524,289.002418137438,7.218686893373016e-05,0.6325050594503446,66047.46977759777],0.039897123454270815
9,BH,2,10000,[0.0040541272790157795,3.806181529990723e-05,0.9197510825389275,404.46708741845737,6.423297088536602e-05,0.6731678293733169,43869.48634888928],0.03910339358992696
9,BH,3,10000,[0.0038444574386709246,3.7298250542997354e-05,0.9212572266914458,360.2891460482259,6.31191736303214e-05,0.6831678012230901,40229.6817467574],0.03877121605267977
9,BH,4,10000,[0.0042284551058585015,3.6809460165847565e-05,0.9221417728380248,291.7665725166492,6.96643385026106e-05,0.6382513757355646,54550.20073226376],0.03943726402625587
9,BH,5,10000,[0.004703477425183665,3.8717079286324294e-05,0.9176755462588748,366.72817858195447,6.487243036621722e-05,0.664023024372658,43239.04770917786],0.039371548444893996
9,BH,6,10000,[0.005713651254877848,3.633451892982061e-05,0.9234258231041078,269.6234505023683,7.008833770236891e-05,0.6434634837368577,49940.37184972218],0.03944283166875904
9,BH,7,10000,[0.003908726204195153,3.871205072141069e-05,0.9179560301917008,407.1329769131157,6.678343372760634e-05,0.6627124991848475,48872.37837893132],0.03951125193709367
9,BH,8,10000,[0.005103354072046095,3.8248309571238954e-05,0.9182798301442362,320.9212134564294,6.768302699742171e-05,0.6440389331387769,58406.41057884719],0.03987703716664374
9,BH,9,10000,[0.0027536135491533333,3.7447428284961236e-05,0.9204843645430605,329.6458953404629,6.666362865101404e-05,0.6583730662935223,47993.93356368422],0.039044833927862434
