ECM-Num,GOA-Name,Repeat-Time,Iteration,Fitted-Parameters-List,Chi-Square
9,DE,0,10000,[1e-11,2.874846555614278e-05,0.9114677698424448,23.17221543068176,6.626675147453423e-05,0.7316627102445771,27335.278947628747],0.004466929008753426
9,DE,1,10000,[1.0000052289018559e-11,2.8748465139735014e-05,0.9114677709302953,23.172214911264145,6.626675211351465e-05,0.7316627110051191,27335.279055673465],0.004466929008753425
9,DE,2,10000,[1e-11,2.874846545389434e-05,0.9114677701546187,23.172214843049943,6.62667517431734e-05,0.7316627099853672,27335.27886025392],0.004466929008753423
9,DE,3,10000,[1.0000052822327182e-11,2.8748465493825733e-05,0.9114677698312185,23.172214974190155,6.626675167122275e-05,0.7316627100369094,27335.278739900292],0.004466929008753424
9,DE,4,10000,[1e-11,2.8748465455276508e-05,0.9114677700801345,23.17221507683845,6.626675186366062e-05,0.7316627091331651,27335.278988355516],0.004466929008753425
9,DE,5,10000,[1.0000015237446232e-11,2.8748465617805247e-05,0.9114677695850439,23.172215139462597,6.626675178198284e-05,0.7316627089176668,27335.27901474406],0.004466929008753422
9,DE,6,10000,[1e-11,2.874846529432893e-05,0.9114677704079621,23.172214599767393,6.626675200254133e-05,0.7316627094397455,27335.27906001256],0.004466929008753422
9,DE,7,10000,[1e-11,2.8748465408774236e-05,0.9114677702256605,23.172214771774684,6.626675186788382e-05,0.731662709628116,27335.279061345416],0.00446692900875342
9,DE,8,10000,[1.0000020048312034e-11,2.8748465559082865e-05,0.9114677697848401,23.17221527980304,6.6266751518387e-05,0.7316627102042806,27335.278933254067],0.004466929008753423
9,DE,9,10000,[1e-11,2.8748465647946708e-05,0.9114677696500256,23.172215415788028,6.626675151679696e-05,0.7316627097373809,27335.279001126455],0.004466929008753423
9,WOA,0,10000,[7.489557361353131e-10,2.8613323601277534e-05,0.9118636004270965,23.026574813431868,6.64560429994713e-05,0.7316274640322699,27374.898540599228],0.004467060409336982
9,WOA,1,10000,[4.302266369125532e-09,3.0041365453691285e-05,0.9079610426939261,25.365575078612615,6.472255933323261e-05,0.731150811913844,27268.48986298793],0.004476111365905725
9,WOA,2,10000,[2.4485179634967217e-09,2.848969907096537e-05,0.9124003280546118,23.72072269108655,6.622254362077259e-05,0.7322160096183707,26957.947229191705],0.004478148419153232
9,WOA,3,10000,[1.671151154422273e-09,2.9014230868215313e-05,0.9107566561318161,23.6624514173287,6.623494616892194e-05,0.7304960794386369,27158.170884286345],0.0044710010451552255
9,WOA,4,10000,[2.495122790491497e-10,2.7011154971040347e-05,0.9164140185541144,20.368563869531446,6.829015634873618e-05,0.7325100314528384,27526.71950449448],0.00448483511541961
9,WOA,5,10000,[1.9415930649952466e-09,3.253197520276962e-05,0.9015732723173491,30.242860697891945,6.184703141406122e-05,0.7303960968179585,26804.239232040116],0.004539141259891001
9,WOA,6,10000,[2.4458343571667638e-11,3.3284164894692724e-05,0.8997670471856919,32.334013733935684,6.077849244183083e-05,0.7310255715241111,26358.07211549508],0.00457772862746644
9,WOA,7,10000,[5.238212484691669e-09,2.95104709727621e-05,0.9088741216842148,22.539510377016803,6.577666739754068e-05,0.7291295025922259,27565.366839436672],0.004489623909526772
9,WOA,8,10000,[9.339343841384104e-10,2.9869489760178818e-05,0.9084819630326337,25.666062781006662,6.481254584509852e-05,0.7320198132065524,27035.110082529263],0.004477977025179868
9,WOA,9,10000,[8.117814104373994e-09,2.9417056531710214e-05,0.9096858402834045,24.742099544787816,6.546531603003019e-05,0.7316243186575904,27146.080601975267],0.004471804764566269
9,ABC,0,10000,[1e-11,3.743176973310069e-05,0.8923927957585727,34.50932571500086,7.026169151809563e-05,0.6641159738234683,42669.059016149724],0.007290818722971905
9,ABC,1,10000,[1e-11,2.838454885737735e-05,0.910339954735319,16.44459659127152,7.854750113466108e-05,0.7010872618915592,34220.29384181168],0.006406043725462058
9,ABC,2,10000,[2.344890495151496e-08,4.553640415622229e-05,0.8735150164222969,53.73136498809225,5.6884834828548324e-05,0.6710078068899119,37345.62775134978],0.006565313171902935
9,ABC,3,10000,[1e-11,3.8085180641261286e-05,0.8950029567344842,69.94176730317052,5.888671577583373e-05,0.7119982232809462,25834.65987306179],0.007418414332189981
9,ABC,4,10000,[1e-11,4.3122185543516435e-05,0.8804041865251717,86.2789336150459,5.755173821227409e-05,0.6893118119026158,32657.109942699914],0.00671175247236817
9,ABC,5,10000,[1e-11,3.0941549843067074e-05,0.9079835814809444,16.78075076183317,7.990222292591916e-05,0.6742829343027542,55469.7423612371],0.0083444916583211
9,ABC,6,10000,[1e-11,3.191803795867626e-05,0.9029778059994485,21.626422960802465,7.78881693793373e-05,0.6702322944127789,41796.787957164765],0.007375856976178545
9,ABC,7,10000,[4.2610702643802275e-08,2.190864460876994e-05,0.9347756126864946,17.70480697617515,7.408511155974634e-05,0.7375038158661994,45473.28596434158],0.007577095911919993
9,ABC,8,10000,[1e-11,4.897320206608483e-05,0.8701633424480806,86.60378353888805,5.242902553294144e-05,0.6736086136660697,30803.035001663367],0.006873505119411152
9,ABC,9,10000,[1e-11,6.894505195945329e-05,0.8396560949840488,405.12097885801904,2.9524088512217406e-05,0.6465266782546304,29684.463067364442],0.009183407020211204
9,ICA,0,10000,[4.264748668482276e-08,6.666858290602432e-05,0.8423431868745416,440.02051482837413,4.735406628072824e-05,0.525065654220575,49726.89898658625],0.011130951262322905
9,ICA,1,10000,[3.071739938947954e-08,6.617968107254463e-05,0.8430910919191151,456.32364103017943,3.5477348327274955e-05,0.6129972744823986,35540.393731827535],0.009451106022373682
9,ICA,2,10000,[2.687562186201807e-08,4.023085479663825e-05,0.8836274765096901,25.50785381684446,6.418199492711768e-05,0.6685168478677189,36487.691856827536],0.0066355838314322785
9,ICA,3,10000,[7.033635836809145e-08,6.662693131044752e-05,0.8409887971745101,302.3031652425862,2.821631052288078e-05,0.6904146844006833,26176.279908533612],0.008464874034512808
9,ICA,4,10000,[3.958749855758944e-08,4.8536827139737024e-05,0.868051021934457,77.43811171016263,4.3533340106980676e-05,0.7276738746018124,25147.330848901343],0.0058237346196107756
9,ICA,5,10000,[7.681011037947331e-08,5.779548766927841e-05,0.8533410135549037,145.4988198086671,3.403573784628063e-05,0.7205147148350005,24901.137000156334],0.007018660587542829
9,ICA,6,10000,[2.35602000798017e-08,6.373653374558178e-05,0.8465719851167827,107.53065177182573,4.728405613810965e-05,0.5475049683008358,55769.26890471499],0.010480339764443474
9,ICA,7,10000,[1.3116612751318613e-08,9.101410011909955e-05,0.8112302375022504,656.3639695037382,1.0000000060335316e-07,0.4623298444833108,23684.45381540652],0.014801750493693228
9,ICA,8,10000,[6.053535505699238e-08,3.079401896907209e-05,0.9069275576267931,15.961374333937272,9.102589879187918e-05,0.6355409336900449,425765.1329549282],0.01350671269647911
9,ICA,9,10000,[7.515892688086261e-08,7.836841940540741e-05,0.8270815578840117,411.0641696305861,4.653768388246645e-05,0.30000000000303845,476314.5395688366],0.012700640872104886
9,BH,0,10000,[6.178163302292236e-08,5.476589475563478e-05,0.8587174595772669,141.74743458928526,4.07744099287494e-05,0.6995096159888121,28342.016650229307],0.006780184661930165
9,BH,1,10000,[4.34221403004624e-08,5.6282382092420564e-05,0.855783045273971,136.86765508651257,4.10501339144321e-05,0.6877386597105861,30082.605501143844],0.007084139883610328
9,BH,2,10000,[3.64056688197941e-08,5.947398864560549e-05,0.8519405006849378,210.35745158964417,3.8447321033799635e-05,0.6826520481414133,29239.377799221038],0.007615987062452589
9,BH,3,10000,[4.4350595348596116e-08,5.3297188557705014e-05,0.8606714909246922,106.92238340230392,4.17282200758711e-05,0.7055623732450285,27918.17223565471],0.006456577270936685
9,BH,4,10000,[5.9278021825495606e-08,5.752652299899143e-05,0.8540464534153699,152.42771773790878,3.845081821367364e-05,0.6933440008284374,28999.65888290608],0.007150823181811965
9,BH,5,10000,[5.3901534969255056e-08,5.495680785824863e-05,0.8580197470143652,133.2361755405402,4.2213987464008725e-05,0.6924012864840191,28179.674310739585],0.0068378279063912315
9,BH,6,10000,[5.285923855143795e-08,5.69230649870189e-05,0.8550729142176017,146.2505223452523,4.031224879831939e-05,0.6845039512141812,29595.98087742443],0.007142766095138013
9,BH,7,10000,[4.486340693719242e-08,5.507209138570379e-05,0.8582453080954525,149.89056031104653,3.9921348729879954e-05,0.7046501836598559,27444.762644542774],0.006782006376671235
9,BH,8,10000,[5.94726066511086e-08,5.5799799636247183e-05,0.8570999104904163,142.02734956168763,4.1154495769971374e-05,0.6895807120980186,28557.403494821607],0.006942527812458815
9,BH,9,10000,[5.355923614975162e-08,5.3736923293059536e-05,0.8600117172171025,115.9598002208715,4.2554809929202223e-05,0.6976442501780745,28980.675993981826],0.006619812401897175
