ECM-Num,GOA-Name,Repeat-Time,Iteration,Fitted-Parameters-List,Chi-Square
2,GSO,0,10000,[0.009466356838402799,0.002306561218084047,0.8241648905956872,1616.2382548733624,0.06436167365872476,0.9999949625415193,9.99985127553198],0.004165858011909634
2,GSO,1,10000,[0.009464232534969762,0.0023103060664719025,0.8240430189432764,1622.8371657221173,0.06005549722892013,0.9999902511315724,9.997422105827432],0.004167192078758532
2,GSO,2,10000,[0.009466298457088292,0.002306645079425617,0.8241617532300229,1616.3914159226272,0.06426286112474629,0.9999977183471783,9.99839317107701],0.00416588670590399
2,GSO,3,10000,[0.009466317963577237,0.002306674055656933,0.8241613135950532,1616.4506678927928,0.064232294701963,0.9999962331278769,9.99955024547952],0.004165864766377093
2,GSO,4,10000,[0.00946578927032792,0.002307345342634326,0.8241363317937338,1617.672656744002,0.06350932573151662,0.9999876619836737,9.998449851864772],0.004165966309316292
2,GSO,5,10000,[0.009466213519541253,0.0023067209415824318,0.82415935883539,1616.5283105213596,0.06417007927981566,0.9999910435906618,9.999546295364182],0.00416588002237491
2,GSO,6,10000,[0.009466261506909523,0.002306778962991585,0.8241574029800229,1616.6364589081231,0.06410771667641796,0.999994305026773,9.995717010998284],0.004165962783869616
2,GSO,7,10000,[0.009466247142895887,0.002306655623073189,0.8241612175310725,1616.3950632121712,0.06429558165512277,0.9999980717188423,9.997846924871121],0.00416589764207942
2,GSO,8,10000,[0.009466122624526388,0.0023065707528172378,0.8241628314923062,1616.3341108294885,0.06439664845685572,0.999996386124323,9.994703619741564],0.004165971875922132
2,GSO,9,10000,[0.009464815340327002,0.0023085252115718673,0.8241010612974468,1619.6340104530962,0.062058805332852976,0.9999898988458927,9.994724659510524],0.004166355392028287
2,GWO,0,10000,[1.1248613147197733e-05,0.0019492316695250876,0.8877467442640756,1085.081858414473,0.1,0.522172164200014,5.431618475598907],0.011622323269268417
2,GWO,1,10000,[0.008670928444731392,0.002078000242729952,0.8491448271457623,1309.9071299363839,0.019127884962172083,0.7506242672652764,0.05244634399506856],0.00014970664726502345
2,GWO,2,10000,[0.00917925410092626,0.0020793455768303507,0.8487181868511436,1313.112558727252,0.007096965553641522,0.8397504274273285,0.042877459147726525],0.00020791491105793918
2,GWO,3,10000,[0.007862033379268683,0.002052150671831531,0.8549762672353077,1265.445403710303,0.059216803006208095,0.639903077477935,0.1432055216688409],0.00038069615685140695
2,GWO,4,10000,[0.008867590429560259,0.0020826105092350993,0.8482515737049705,1320.3155401928632,0.013328707823054545,0.784575393432998,0.045001619143164556],0.00016248555012224181
2,GWO,5,10000,[0.007084188600499326,0.002087124244288733,0.8669347489502619,1228.7058282593346,0.06908957420084932,0.6019495995221623,9.995857904002744],0.0007987942611534137
2,GWO,6,10000,[0.008635108764347163,0.0020734351932658,0.8499766198394343,1302.3920649357287,0.02047498256191838,0.7431264247335693,0.057798589216809686],0.00014363051781323763
2,GWO,7,10000,[1.116788651994581e-05,0.0021998846810085855,0.8314265891920564,1503.479107754474,0.014129198920339382,0.5682743595806646,0.01158231398239252],0.003298458611413795
2,GWO,8,10000,[0.008335143603652768,0.0020769893097015006,0.8495819406190718,1311.037019168704,0.03332925035245571,0.7003090796223473,0.06249980353310342],0.00019102905449695006
2,GWO,9,10000,[0.009627142073210457,0.0020974333685613695,0.8456442203795728,1342.03255239739,0.001959193983756376,0.9600453714520275,0.028118516213588667],0.0005271096760889797
2,WOA,0,10000,[0.008832987671133443,0.002077665814539474,0.8491516822433538,1311.2430005569954,0.014816260487703892,0.7735767781560152,0.05023014268718042],0.000145515907305668
2,WOA,1,10000,[0.009044539833552856,0.001999033228000875,0.857214245502812,1225.834067876052,0.007750206020171475,0.813744043167967,0.05867381596292838],0.0005522423107617839
2,WOA,2,10000,[0.008759141637912572,0.0020874200914148613,0.8474731104053999,1321.8550171240024,0.016120910638274442,0.7690860527721186,0.04258522665415337],0.0001884840861969334
2,WOA,3,10000,[0.008861307879529634,0.0020651655737952755,0.8499848130365433,1283.6490334926764,0.020716868009910683,0.7457134999417115,0.05792173116597668],0.00017874744878797734
2,WOA,4,10000,[0.007989313507679636,0.0021153822041715185,0.8501083491949597,1337.5886474609893,0.05639147730621799,0.65159241308707,0.20141888994443224],0.0009002021582025337
2,WOA,5,10000,[0.009013151735191353,0.002082322068195947,0.8491251362617136,1352.5572503882574,0.0040414862780008545,0.886265635606863,0.046292372107939975],0.0005209176579824973
2,WOA,6,10000,[0.008757633461033454,0.0020758044558713096,0.8494650475045085,1304.72606127842,0.01674497992340177,0.7620537324746869,0.05264092336211982],0.0001427348342080545
2,WOA,7,10000,[0.00838038324135115,0.0021016763815073125,0.8565639882506466,1254.5551875497758,0.03282091334045217,0.6857800183711372,0.20449366418407655],0.0010235701053149977
2,WOA,8,10000,[0.00764854903971439,0.002036351403148542,0.8595847544441606,1232.8405157984798,0.06577062351569295,0.6229448489880443,0.2858211270583391],0.000635431641360327
2,WOA,9,10000,[0.008829191711322461,0.002080817443629775,0.8481625448209814,1317.3640598893066,0.019131752171366263,0.7539552513222039,0.046262300810312317],0.0001902002648870829
2,DE,0,10000,[0.008751334901854115,0.002071363345226243,0.8502874127709356,1299.9242415588242,0.016853498567832026,0.7599172698065197,0.05733592866375129],0.00013830087332722648
2,DE,1,10000,[0.008751334898788016,0.0020713633443534365,0.8502874128494379,1299.9242394700486,0.016853498529037805,0.7599172696851548,0.05733592850660191],0.0001383008733272259
2,DE,2,10000,[0.00946644740160115,0.002306442649888767,0.8241687577568302,1616.032365696559,0.06449876501840349,1.0,9.999999999999996],0.004165840943821729
2,DE,3,10000,[0.007148934798388552,0.0020851701844023657,0.8692099665534473,1220.8324696042537,0.05974307874856489,0.6115614256275314,9.999999999999984],0.0007964399477093393
2,DE,4,10000,[0.007148934787615954,0.002085170183783768,0.8692099667133828,1220.8324698696738,0.059743079132856924,0.6115614248894206,10.0],0.0007964399477093383
2,DE,5,10000,[0.0071489347948959,0.002085170181451972,0.8692099670125304,1220.8324674813714,0.05974307836454462,0.6115614257736021,9.999999999999991],0.0007964399477093393
2,DE,6,10000,[0.0071489347802420455,0.002085170183158633,0.8692099667882497,1220.8324640900248,0.05974307855246727,0.611561425587813,9.99999999999999],0.0007964399477093402
2,DE,7,10000,[0.007148934761956967,0.00208517018179806,0.8692099666345265,1220.8324633409031,0.0597430802397622,0.6115614234351556,10.0],0.000796439947709338
2,DE,8,10000,[0.0071489347925700825,0.002085170181170883,0.8692099674139999,1220.8324632714864,0.05974307724869757,0.6115614266623599,10.0],0.0007964399477093392
2,DE,9,10000,[0.0071489348049732495,0.002085170182692812,0.86920996726679,1220.832464942641,0.05974307707032999,0.6115614273344726,9.999999999999991],0.000796439947709339
2,ABC,0,10000,[0.006045809657360878,0.0022775946780551966,0.8496301657058344,2195.867142488075,0.1,0.5734677302008138,10],0.004975810278433948
2,ABC,1,10000,[0.008549458273435742,0.0020301019036731774,0.9070669121494936,1099.6354214058588,0.012432887992675884,0.7212949631683678,10],0.0026524419808431655
2,ABC,2,10000,[0.007298777661601917,0.0021475807592357555,0.8940615876247284,1723.8494218220285,0.02076472449792195,0.6747354038644264,10],0.004501348555492359
2,ABC,3,10000,[0.008050468002934918,0.002148459977907262,0.8759361777744603,1459.4226545983029,0.024804764962104403,0.683049337952441,10],0.0019807243238221415
2,ABC,4,10000,[0.010430525377049003,0.0021290550841933046,0.8490992373787567,1281.550050672301,0.02175077037136512,0.7618040865457825,0.140632067473483],0.0023733251738720412
2,ABC,5,10000,[0.005876949376613677,0.0020705822475423734,0.8921206080118597,1282.009287479082,0.021751252005862424,0.6690586220514256,10],0.002853153202426325
2,ABC,6,10000,[0.006226034255773285,0.002051706689466499,0.8963192326077634,1182.4237322423082,0.028368321024130273,0.646000263806729,9.999999974047356],0.001827292672620567
2,ABC,7,10000,[0.006379931619181726,0.0019854277094063567,0.8765480284467437,1396.4855871557793,0.07125010660967873,0.5890338536488665,7.247856772936002],0.002013491738078637
2,ABC,8,10000,[0.009061855256148374,0.0021701939813669286,0.8847114397907019,1115.4189610165427,0.01539475779810541,0.7237843805668938,10],0.0036431702783522885
2,ABC,9,10000,[0.006183768656868562,0.0022306807072906666,0.8535892731053346,1658.5000337450697,0.1,0.568590691323307,10],0.0030637437093759567
