ECM-Num,GOA-Name,Repeat-Time,Iteration,Fitted-Parameters-List,Chi-Square
2,GSO,0,10000,[0.057494156906784,0.06229340474991516,0.6320592722803797,66.40248699507902,0.406644448308334,0.9999976248244511,0.9999380386404622],0.021956737967750647
2,GSO,1,10000,[0.057493802097395096,0.06229754076283738,0.6320491256814278,66.40985520294743,0.40630283890467317,0.9999970254342796,0.9999406735299471],0.021956739088227397
2,GSO,2,10000,[0.057493743856915955,0.06229594244293554,0.6320516202998276,66.41093938849544,0.40658415832448747,0.9999976288977094,0.9999916024833065],0.02195666384210874
2,GSO,3,10000,[0.05749410836725393,0.06229434811939069,0.6320547999599955,66.4024759547515,0.40665717883717445,0.9999995753729025,0.9999935704270232],0.02195665080790833
2,GSO,4,10000,[0.023117745025843586,0.047517960104967845,0.7058027209065854,38.99898915719619,0.5053111793805072,0.30003351291577324,0.10757509166279823],0.007353998812069245
2,GSO,5,10000,[0.05749403774419772,0.06229388985788406,0.632056328792342,66.39848062516211,0.4066829733191608,0.9999987357735954,0.9999980709698627],0.02195664858647585
2,GSO,6,10000,[0.05749304616605813,0.062297627236206035,0.6320456055883882,66.41087926738055,0.40654786532976855,0.9999878933119313,0.9999952501469939],0.02195670844668697
2,GSO,7,10000,[0.022865322829605992,0.04755602625797286,0.7054759885601279,39.06350653035112,0.49911587747016894,0.30004650747105543,0.10704138889843859],0.007354481336970549
2,GSO,8,10000,[0.0574915567204383,0.06230648400846526,0.6320261637978234,66.44965803358753,0.4061847040534517,0.9999952998078667,0.9998981262968718],0.02195681155508981
2,GSO,9,10000,[0.05749333585185174,0.06229687063259453,0.6320475958734293,66.41192813748818,0.4065658176003522,0.9999986086891011,0.9999422467677345],0.02195672818297295
2,GWO,0,10000,[0.023841003087828255,0.047437729429298026,0.7065877906460817,38.8536283325747,0.5239207371653324,0.3,0.10920186141030885],0.007353751832355891
2,GWO,1,10000,[0.02715893119907851,0.04704896159054205,0.710675016228949,38.13048596887205,0.6206873250883994,0.3,0.11995807720510403],0.007378908396348202
2,GWO,2,10000,[0.02386113325866018,0.04743685619422405,0.7065984112100261,38.860507516311905,0.5244959366328141,0.3,0.10925757493616868],0.007353772299238732
2,GWO,3,10000,[0.02329578345813506,0.04751062785473667,0.7059003312199098,38.99367223901817,0.5096412041174604,0.3,0.10779600961851653],0.00735375998518747
2,GWO,4,10000,[0.02435711890223333,0.04739697747374907,0.7070212999317009,38.774316589435934,0.537182450402987,0.3,0.1102618351345066],0.007354644929233052
2,GWO,5,10000,[0.02390406781939396,0.047440093444907384,0.7066000161522971,38.86560959653732,0.5253968194352437,0.3,0.10927252539699887],0.00735380764989041
2,GWO,6,10000,[0.024315457727506484,0.04740505146489473,0.7069726061225455,38.79441954452997,0.5361642109178629,0.3,0.1101847504401773],0.0073545421748633065
2,GWO,7,10000,[0.023182539800905136,0.04750919634865477,0.7058814308867601,38.980521176217,0.5071780973670434,0.3,0.10773386730783457],0.00735384012643742
2,GWO,8,10000,[0.00017902955993250762,0.04882364936737163,0.6939244977567789,41.38464358645039,0.20276474283942555,0.3,0.10224683940467784],0.007670972727430044
2,GWO,9,10000,[0.02350608962563937,0.047472448760263464,0.7062401315667884,38.91927936303665,0.5154873412295501,0.3,0.1084779693458382],0.00735362500787846
2,WOA,0,10000,[0.002761078260185595,0.050008363095255644,0.6861534027716586,42.667505240037485,0.10113984056264269,0.35072799680223443,0.08898657407822319],0.008003946417764569
2,WOA,1,10000,[0.026695645752020807,0.04886992340945941,0.6912038114143988,42.8543377773197,0.09493182363805361,0.4292291912025385,0.06839655090925117],0.007954547288171828
2,WOA,2,10000,[0.03672741293049145,0.04872706458266139,0.6936496282580046,40.87604106339304,0.06151330307424861,0.5062299415432593,0.05483868077462996],0.00808949964868474
2,WOA,3,10000,[0.03302202615196521,0.046203190124169465,0.7116856137455542,36.97979115170798,0.38744144937393016,0.34711865774871936,0.10119125828113733],0.008169974780497245
2,WOA,4,10000,[0.029728206017693264,0.04640998781135681,0.715726435715062,38.760394082610894,0.540718660276466,0.3242546527509587,0.12268217292248261],0.007629775964852458
2,WOA,5,10000,[0.034249763940888606,0.04891207524587097,0.6962853813605894,46.16508823068836,0.31288827992609225,0.37385363635687113,0.07916770133824881],0.00797387537643285
2,WOA,6,10000,[0.026146592507028058,0.048446339507344345,0.6966677365168019,40.835342570917796,0.16759796607804892,0.3874871585232394,0.07588588514429696],0.007640082912601927
2,WOA,7,10000,[0.02403060240793834,0.04784650509579553,0.7025012970787118,39.59605449051628,0.36819853174265854,0.32438115552348384,0.09472765182298556],0.007417015227238387
2,WOA,8,10000,[0.025460292960309203,0.0467804169239704,0.7087911019407572,37.13560884138187,0.3564694137403709,0.33263786292878766,0.09696681830505736],0.007497676540323989
2,WOA,9,10000,[0.03117594340646211,0.04617918118705247,0.7088290952405871,36.987111577142606,0.34098932745882043,0.35148125303011957,0.08498909862327127],0.0077803678621644265
2,DE,0,10000,[0.05749529084286161,0.06228661416262198,0.6320753198221774,66.37288106015367,0.4070211254498697,1.0,1],0.021956638582436433
2,DE,1,10000,[0.05749529090922171,0.062286614073548054,0.6320753199339858,66.37288133190255,0.407021136560477,1.0,1.0],0.021956638582436436
2,DE,2,10000,[0.05749529100408901,0.06228661391575528,0.6320753204447461,66.37288172474516,0.4070211338004539,0.9999999999999999,1.0],0.021956638582436447
2,DE,3,10000,[0.057495291035950136,0.06228661389323834,0.6320753206446115,66.37288047371517,0.40702115541578404,1.0,1.0],0.021956638582436443
2,DE,4,10000,[0.023559122122625373,0.04747194121509171,0.7062598977512091,38.917569183236374,0.5166574323859727,0.3,0.10853090890096838],0.007353619449298562
2,DE,5,10000,[0.023559122000417262,0.04747194128753813,0.7062598969645251,38.91756939634909,0.5166574295402762,0.3,0.10853090824994577],0.007353619449298562
2,DE,6,10000,[0.02355912165491732,0.047471941299020715,0.7062598971025951,38.91756938690652,0.5166574215813636,0.3,0.1085309082135152],0.00735361944929856
2,DE,7,10000,[0.057495290973936145,0.06228661391351546,0.6320753204610084,66.37288118233691,0.4070211497804942,1.0,1.0],0.021956638582436443
2,DE,8,10000,[0.023559121380986925,0.047471941287785736,0.7062598965920236,38.917569373121616,0.516657412192696,0.3,0.10853090635773865],0.007353619449298558
2,DE,9,10000,[0.057495290970112765,0.062286614307480635,0.6320753196304022,66.37288196490935,0.4070211178235128,1.0,1.0],0.021956638582436443
2,ABC,0,10000,[0.05004766289729883,0.04754114774535277,0.701435831483908,41.03740607323813,0.04441084550112375,0.6252626878706123,0.05163760538012814],0.009642725096558913
2,ABC,1,10000,[0.04738062966205632,0.05114665147877453,0.6846540655804014,46.83454538322972,0.08636239883160335,0.5352912090895375,0.04550969032308336],0.00955398577023439
2,ABC,2,10000,[0.03808193768937473,0.04565050480826473,0.7507809562256231,34.2765207452422,1,0.3104465299861649,0.797291863298497],0.008257173456153937
2,ABC,3,10000,[0.045843921172859625,0.047416975296495356,0.7046377954738905,38.783250976069255,0.22386158833141967,0.4598449387156663,0.07924364903103759],0.008823836100629952
2,ABC,4,10000,[0.047321527109947636,0.04830382957065581,0.7035519562829365,40.58209157855485,0.09422768256263386,0.5468542793607887,0.06789155731577699],0.009141141155688535
2,ABC,5,10000,[0.0483885749141246,0.04914381088730396,0.6947673154871468,41.55454204787652,0.10967623651060542,0.5375636489550916,0.05870694333826683],0.009344521011647051
2,ABC,6,10000,[0.04613600113460065,0.04688560981503989,0.7101604624407041,40.27090334430671,0.4449430336229093,0.41294324858991865,0.10115430129128783],0.00950212694022162
2,ABC,7,10000,[0.0407068511605937,0.04334433134064666,0.7719825293498583,31.17962704406174,0.5535777329916003,0.37305860422054493,0.6933223467518868],0.009453017319004721
2,ABC,8,10000,[0.020484259100003933,0.0463367600557825,0.7208132971776405,39.35319801912278,0.5979871737220558,0.3,0.16093865838083313],0.009217276898679209
2,ABC,9,10000,[0.04472416891729486,0.0487350931550228,0.696809038721275,43.897543171480926,0.2748102330150105,0.43436314760245115,0.07928857545126423],0.009092203314798498
