ECM-Num,GOA-Name,Repeat-Time,Iteration,Fitted-Parameters-List,Chi-Square
9,DE,0,10000,[1.0000000875776305e-11,5.807685074169029e-05,0.8925507754304682,36.242259257644655,7.06748836036187e-05,0.7275515344070096,25042.551573467113],0.006737179988217864
9,DE,1,10000,[1e-11,5.807685129705013e-05,0.8925507747746408,36.242259875115145,7.067488299335262e-05,0.7275515339393103,25042.551455571167],0.006737179988217865
9,DE,2,10000,[1.0000007148858103e-11,5.80768514458085e-05,0.8925507745302087,36.24226105131367,7.067488277528936e-05,0.727551533904508,25042.55129737088],0.006737179988217864
9,DE,3,10000,[1e-11,5.8076850398667145e-05,0.8925507761714763,36.2422600534335,7.067488419759697e-05,0.7275515348956552,25042.551456245277],0.006737179988217865
9,DE,4,10000,[1e-11,5.807685054248547e-05,0.8925507758209001,36.24225941881565,7.067488360699978e-05,0.7275515346524967,25042.551371276353],0.006737179988217862
9,DE,5,10000,[1e-11,5.8076850120589854e-05,0.8925507763807173,36.242258131220034,7.067488433285741e-05,0.7275515348926272,25042.55138742517],0.006737179988217864
9,DE,6,10000,[1.000000095997836e-11,5.8076850559930035e-05,0.8925507757410828,36.242259155354944,7.067488360612193e-05,0.7275515346304379,25042.551328930775],0.006737179988217862
9,DE,7,10000,[1e-11,5.807684975618653e-05,0.8925507768633095,36.242256862577705,7.067488476268005e-05,0.7275515333372594,25042.551567140094],0.006737179988217861
9,DE,8,10000,[1.0000001018680215e-11,5.8076850419845964e-05,0.8925507759642104,36.24225957235186,7.067488367553185e-05,0.7275515350709055,25042.551201160306],0.006737179988217861
9,DE,9,10000,[1e-11,5.807685068973589e-05,0.892550775687389,36.24225982950166,7.067488370498206e-05,0.7275515340954106,25042.551407785526],0.006737179988217864
9,WOA,0,10000,[3.3977462380876126e-09,5.244795444905394e-05,0.900663176931518,23.372538452041294,7.719446828407523e-05,0.7256086503775978,26051.44163056596],0.006791176436257163
9,WOA,1,10000,[2.7260395942464655e-09,6.300882479778006e-05,0.8859112198839372,51.188120716751264,6.441060473581266e-05,0.7313642360507463,24045.75497785192],0.006778495031624899
9,WOA,2,10000,[4.437651847874585e-09,4.353321403489942e-05,0.9143826791198384,14.835221833539546,8.780033650056993e-05,0.7306807683307116,26700.733188105405],0.007080149022506814
9,WOA,3,10000,[1.963502853501399e-09,6.609899216147477e-05,0.8820317345558286,64.65047281921308,6.0844705525369486e-05,0.7328662341739526,23724.544724305702],0.00685411944941618
9,WOA,4,10000,[1.1726034681831745e-08,6.070286725535673e-05,0.8890236140564783,43.88606100762,6.749511102611567e-05,0.7290327008664258,24522.15487067251],0.006749083665020916
9,WOA,5,10000,[6.910817629265475e-09,6.0461446931808e-05,0.8893401699536303,43.64375722159531,6.774167642756347e-05,0.7290958872372719,24568.147243065607],0.006748074225924434
9,WOA,6,10000,[1.9285177048689586e-11,6.936724594798048e-05,0.8780485528212065,83.40280484042718,5.6302692870266895e-05,0.7390151566657841,22568.772575514926],0.006998492756070414
9,WOA,7,10000,[4.844781806943353e-10,5.386650907295713e-05,0.8985118185375025,26.59749760606899,7.586313093086109e-05,0.7258081399000886,25738.704703812025],0.0067638142268524265
9,WOA,8,10000,[3.349750906106396e-10,5.654332233311823e-05,0.8947198221349006,32.682406777030245,7.281535193209963e-05,0.7264574184043537,25457.38567809452],0.006741400198610167
9,WOA,9,10000,[1.5939906826454319e-09,5.0038084280635155e-05,0.9054904408297489,30.381859274409532,8.352115232934234e-05,0.7178268767347412,35323.65709812562],0.007626392259321071
9,ABC,0,10000,[1e-11,7.183442258047119e-05,0.8779771533344125,135.32261045773282,5.005999724455307e-05,0.7639456318679598,23143.951906298273],0.008153610882618447
9,ABC,1,10000,[1e-11,7.541763356151067e-05,0.8748559375324203,146.69268673220682,5.4632584864026216e-05,0.7333032313091934,23491.366357258765],0.008616839007546671
9,ABC,2,10000,[1e-11,8.925367764375192e-05,0.857840725397797,174.1145282435982,4.835696453412237e-05,0.6157034080353416,32196.72806808365],0.009107204843382958
9,ABC,3,10000,[1e-11,5.316279568705568e-05,0.9012725116743201,22.78204414807364,8.899232793837755e-05,0.6954029779622418,43004.37958899338],0.008251874241235248
9,ABC,4,10000,[1e-11,7.96209014896638e-05,0.8669692574869973,124.5707083408139,4.6131585223396635e-05,0.7449190869895715,22134.562064075242],0.0076445622522168
9,ABC,5,10000,[1e-11,6.995293489972474e-05,0.8774586448062419,88.81110591711334,6.249181705003125e-05,0.7390315101718831,30524.54408802856],0.008337486378429251
9,ABC,6,10000,[6.663719503065972e-10,6.898647184473828e-05,0.8803213738855159,71.78658698910164,5.836193708158343e-05,0.7228532866501975,27446.475608160697],0.007421310018791021
9,ABC,7,10000,[1e-11,6.488648421085948e-05,0.8823322247405537,56.946896317075925,6.277488011963862e-05,0.7359604584705236,25321.496197775785],0.006962487555471061
9,ABC,8,10000,[1e-11,5.74107808603618e-05,0.895553590838786,24.808005158466855,8.339229993876744e-05,0.6803652965273986,45165.174482114206],0.008358502917241765
9,ABC,9,10000,[1e-11,5.9985760347693975e-05,0.8914432707415958,50.288339581222814,7.754919840925479e-05,0.6888325571409163,32068.57472639026],0.007670552973004258
9,ICA,0,10000,[4.8484330919142224e-08,5.872924659766464e-05,0.8975168521923816,89.35625086439778,7.89456175395869e-05,0.6841325440392944,32391.34007805372],0.0103590511869771
9,ICA,1,10000,[2.6744594040930288e-08,9.48284434295967e-05,0.8510392105151248,304.68379489082207,3.494037219561366e-05,0.6477011043115352,25454.857390355104],0.0091066404052686
9,ICA,2,10000,[4.534919432242651e-08,9.344730017245841e-05,0.8509470659122328,242.22875488831514,3.309673965568067e-05,0.7171880088962702,22945.359128819477],0.008750085026678575
9,ICA,3,10000,[4.792829343991167e-08,0.00010641331457558837,0.8408622543939056,434.3121993537572,5.6766008612471405e-05,0.30000000000000426,751389.7021487132],0.011459211082444331
9,ICA,4,10000,[4.3259684039311755e-08,6.262027193592313e-05,0.8862882322215029,47.11945052753331,6.536830994766741e-05,0.728206400529484,24436.184880944304],0.006767001741370051
9,ICA,5,10000,[5.803732862356019e-08,9.303424043431053e-05,0.8530005493937931,243.40118215482616,5.819846886142151e-05,0.5397783714943127,52452.60963891238],0.010521987088431453
9,ICA,6,10000,[3.421595479159201e-08,8.437863847974805e-05,0.8610281060434549,105.7854693133269,4.8996313757177876e-05,0.6474435739189792,27673.7563970415],0.008361825974585882
9,ICA,7,10000,[4.419827358261171e-08,9.944423442275178e-05,0.8478116028746615,988.3046496225726,6.362237993892474e-05,0.402451998165277,388091.4758719632],0.011807149290648654
9,ICA,8,10000,[4.540156363402189e-08,8.888420243520206e-05,0.8570332326611635,110.78677244208136,5.445571101580744e-05,0.5653858093234556,40761.470954981916],0.009663148050154521
9,ICA,9,10000,[2.9118657246339933e-08,9.971351702130489e-05,0.8470072051169302,123.00941800576003,5.2435844029431804e-05,0.41503300102225177,71606.75509703996],0.010989037112277618
9,BH,0,10000,[4.7761518338066876e-08,7.73589487280643e-05,0.868302587277677,106.88110551388785,5.0851261550992403e-05,0.7177021346922177,24209.312033802402],0.007332082843041941
9,BH,1,10000,[5.847408911293028e-08,7.519912481693528e-05,0.8710363399474895,100.18090909289248,5.390255772168838e-05,0.7153031013522132,25336.921509974898],0.007250418434687336
9,BH,2,10000,[5.8788298046814974e-08,8.10813800620894e-05,0.86430665372036,132.34299233808284,4.939992382813954e-05,0.7049840489348387,25669.917328728283],0.007668858354721292
9,BH,3,10000,[4.4980394866864883e-08,7.669288661289645e-05,0.8693894562892759,106.90961057262093,5.223782703835876e-05,0.7104785246701777,25214.926654882245],0.0073403118495815505
9,BH,4,10000,[5.5639564103803035e-08,7.499150859543716e-05,0.8713699975848535,98.08766335163477,5.645832096443272e-05,0.7063801419679887,28299.4717483193],0.007424503805483037
9,BH,5,10000,[4.785104265445781e-08,7.534031394153994e-05,0.8708236828301074,93.76007508286439,5.456434324804647e-05,0.7093754768081946,25865.43353671364],0.007271566889828381
9,BH,6,10000,[6.571089796918826e-08,7.541153648955607e-05,0.8706901213678208,111.47976563644768,5.700065067608285e-05,0.7021835529855993,27720.91220467242],0.007513177616471501
9,BH,7,10000,[4.031928416943636e-08,7.516583083857782e-05,0.8713932267216458,123.40094393155101,5.396450720516485e-05,0.7189593859689737,25747.08880145408],0.007406194212321361
9,BH,8,10000,[5.0433026056797246e-08,7.544882631886216e-05,0.8707032764962689,106.92253587607138,5.356144637681736e-05,0.7186527672984833,24255.314566651763],0.007269026119066191
9,BH,9,10000,[5.844058726102945e-08,7.688356518835678e-05,0.8687979075389798,100.67266594481276,5.1642941385957026e-05,0.7164722260604122,25246.357407277977],0.0073232566414454525
