ECM-Num,GOA-Name,Repeat-Time,Iteration,Fitted-Parameters-List,Chi-Square
9,DE,0,10000,[0.005515527093250767,1.907877137456958e-05,0.9704706558906744,63.717587671560445,0.00018989332763630386,1.0,882.5941231037367],0.6103467921190513
9,DE,1,10000,[0.0034004973292852455,2.0484794849097818e-05,0.9642996600486743,62.98191170682761,0.0005155781858391819,1.0,100.0],0.6395164266005032
9,DE,2,10000,[0.003400498464503363,2.0484794400824486e-05,0.9642996619841704,62.981911656245885,0.0005155781579109697,1.0,100.0],0.6395164266005035
9,DE,3,10000,[0.0034004985641476818,2.0484794684901135e-05,0.9642996610672144,62.98191178331344,0.0005155781811749573,1.0,100.0],0.6395164266005033
9,DE,4,10000,[0.003400499464860261,2.0484794267551112e-05,0.9642996628398488,62.981911721408686,0.0005155781808546064,1.0,100.0],0.6395164266005032
9,DE,5,10000,[0.0034004991054099425,2.04847946215385e-05,0.9642996611433907,62.98191111779972,0.0005155781685928502,0.9999999999999996,100.0],0.6395164266005033
9,DE,6,10000,[0.003400498126778451,2.048479461490933e-05,0.9642996621170326,62.98191111234767,0.0005155781800394266,1.0,100.0],0.6395164266005035
9,DE,7,10000,[0.0034004969265615404,2.0484794512860995e-05,0.964299661006824,62.981911880616984,0.0005155781842958843,1.0,100.0],0.6395164266005032
9,DE,8,10000,[0.0034004976464877624,2.048479452454621e-05,0.9642996612944961,62.98191169183663,0.0005155781905528124,1.0,100.0],0.6395164266005032
9,DE,9,10000,[0.0034005004994986454,2.0484794532820835e-05,0.9642996622256426,62.98191195742879,0.0005155781611902883,1.0,100.0],0.6395164266005033
9,WOA,0,10000,[0.011839028125309655,1.9443174134814444e-05,0.9686504814578821,64.11029863575067,0.0001869723706279866,0.9998503729721995,860.179463560316],0.6105798349148734
9,WOA,1,10000,[0.013542599368599112,2.2282581865180496e-05,0.9565959664279748,57.77952853332263,0.00027894518837895643,0.9891304656351748,680.40688867858],0.6176884541475266
9,WOA,2,10000,[0.0015383880992538047,2.2090377152804505e-05,0.9561142052272019,55.58196894289549,0.0008528445813777335,0.8566738937337498,471.2611818086898],0.6390585700367479
9,WOA,3,10000,[0.06036163988863493,1.9194060903308492e-05,0.9734510520267721,67.7939145883849,0.0005039434832253877,0.9891826357703031,667.5229587937494],0.6398253352671656
9,WOA,4,10000,[0.0013664986243029185,1.9219206909472232e-05,0.9695457234688309,63.97383025648132,0.00019605276659908169,0.9999951320190616,820.4337158945087],0.6105012911338319
9,WOA,5,10000,[0.022001621884353385,1.9187954052526784e-05,0.9690091936603836,55.64530326002191,0.00048633088901320614,0.8629833223605912,846.5597392121028],0.634706584313245
9,WOA,6,10000,[0.014479913113119,2.636657404027361e-05,0.9441627285889989,55.717287138706155,0.000612074803345888,0.8200132249958559,1054.4746306956804],0.6446598769001131
9,WOA,7,10000,[0.019934882900424136,2.3140292820689132e-05,0.9531240299223571,61.46844085894276,0.0001739494078098359,0.998359634864392,845.503699502718],0.6136832059139168
9,WOA,8,10000,[0.01736149708579632,1.80840739581066e-05,0.9756026234693203,63.57597645612078,0.00018405911433417663,0.9996256765383925,925.314798692687],0.6108634256876572
9,WOA,9,10000,[0.0026218889157317384,1.7764403242449737e-05,0.9773065179952418,63.55013001249954,0.0002014027465148193,0.9999699622721299,866.2342561882833],0.6106881824674741
9,ABC,0,10000,[0.010119504729757504,1.6578185660469196e-05,0.980859565990765,62.19511840180799,0.00021493458753812735,1.0,706.3877835703454],0.6124843882391898
9,ABC,1,10000,[0.0009159890148371114,2.2531844432579062e-05,0.9563332677106198,63.88248050000797,0.0001885966225855194,1.0,866.7900987876925],0.6111649562823339
9,ABC,2,10000,[0.006029855064804053,1.8574860144478533e-05,0.9718159757689959,63.782709513282235,0.00019152281295325833,1.0,860.4235374212213],0.6104613424958258
9,ABC,3,10000,[1e-05,2.6798956166290726e-05,0.9387518099136302,68.21021831333644,0.00022175132197236775,1.0,795.823446728401],0.6143514336862835
9,ABC,4,10000,[1e-05,2.6844744773338714e-05,0.9395275246817,64.36705882382134,0.00019210663519576455,1.0,853.7002747151992],0.613190963908316
9,ABC,5,10000,[0.014626429905400688,1.9810171169782343e-05,0.9610300352533316,63.73794233134241,0.00019049946261683862,1.0,837.7931324790773],0.6128704820368455
9,ABC,6,10000,[0.009217752514684902,1.750778211580642e-05,0.9811102888521681,63.153040176895175,0.00019643501033687075,1.0,820.7241263111943],0.6108737400244191
9,ABC,7,10000,[0.0005964668042820938,2.2781042871992642e-05,0.9553724085517559,64.55150103679622,0.00023697762980759627,1.0,731.0958215060799],0.6128743693988848
9,ABC,8,10000,[0.006562814260214281,1.7771314134728107e-05,0.9750262530027087,64.6873674204987,0.00023141038578637288,1.0,507.4765039233437],0.6152492354429607
9,ABC,9,10000,[1e-05,2.191402432959372e-05,0.9553723227670914,58.760700007598416,0.0002167961937632189,1.0,773.0450756537053],0.6127597188060117
9,ICA,0,10000,[0.0006916894812501557,2.838441355046083e-05,0.9318706238080068,60.72913770625248,0.0009999999999965594,0.8050106746398021,613828.7500513896],0.6582526326213031
9,ICA,1,10000,[0.00035548918198265834,5.134420790412832e-05,0.8768954439881129,71.20862702974054,0.0009756951000085927,0.6973761850122471,732285.5275533635],0.6845434736777948
9,ICA,2,10000,[1.0006881881080357e-05,4.495017143546345e-05,0.8911963521661679,63.942955639859456,0.000999999999998905,0.8064180558232709,890818.9531970861],0.6703105094034779
9,ICA,3,10000,[0.00011037381825691192,4.41218098166286e-05,0.8896961513366268,60.959287625168706,0.000999999999963684,0.7990828846242771,459684.7074365279],0.6702849796992769
9,ICA,4,10000,[0.004971022362872314,4.9100987230989084e-05,0.884898533408012,64.78781607383485,0.0008831077071028118,0.6347100540825692,790225.5266349575],0.6958309174964827
9,ICA,5,10000,[0.04720061591247906,0.000117989484016045,0.8066722375449058,56.046596440833746,0.0008476014428697458,0.6863165918990556,579511.9459128988],0.7527907134552607
9,ICA,6,10000,[0.00119775891303287,2.221130087413179e-05,0.955768698181366,59.366965460446664,0.0009999999999484404,0.7711165762515149,628931.1152634153],0.6560315527260181
9,ICA,7,10000,[1.139676962249124e-05,0.000209723805269163,0.7565702895096341,75.58798925966205,0.00098988314764471,0.7172276276124213,437020.7872148879],0.7630661438126795
9,ICA,8,10000,[0.0015747833654130461,2.1535605643638383e-05,0.9592000682415138,63.717608308208035,0.0009999999999975632,0.7741231217444945,483921.1039460436],0.6565494659188532
9,ICA,9,10000,[0.007019176062848898,0.00024573525918672885,0.7536569162542051,77.01118668758207,0.0007138650806729732,0.6397408845137044,569.8621298735421],0.7702669282392408
9,BH,0,10000,[0.008931198183768724,2.9015857314435686e-05,0.9310616705368359,61.252901784242525,0.0009321427614953912,0.8270509690067771,403223.5523632387],0.6602535063908438
9,BH,1,10000,[0.012370222047691887,2.6344371352045913e-05,0.9395799910758195,62.75684169230526,0.0008940953565022263,0.8286186264036925,406319.58590238343],0.6597391865011999
9,BH,2,10000,[0.011235721765653987,2.2163059413578486e-05,0.9566417411600127,60.5510592959678,0.000944852396920073,0.8112861323053824,442146.65328983875],0.6567732727597404
9,BH,3,10000,[0.012127968900754477,2.328911440599955e-05,0.9513638298527747,62.47816265392371,0.0009313166713228885,0.8264867140958666,508816.39060831495],0.6575412264143147
9,BH,4,10000,[0.010831549160361971,2.818296361446704e-05,0.9337864738820008,61.92757255217445,0.0009505819712323319,0.8177760033190719,529725.6532373107],0.65960990981867
9,BH,5,10000,[0.005357763020482076,2.5202808888404785e-05,0.9439522653764624,62.33264938770756,0.0009347585225711079,0.8189127867928402,499860.40889978595],0.657774441146851
9,BH,6,10000,[0.006853670278837553,2.6393730741199596e-05,0.9392347573343851,61.848973928895724,0.0008794815178091144,0.8203906155532897,368623.00010030525],0.6594974396041015
9,BH,7,10000,[0.009982502810229887,2.38395528627958e-05,0.9492538664325265,61.74377344208095,0.0009317125014968587,0.8134266594896329,501117.6592448979],0.6575319287761859
9,BH,8,10000,[0.010899110802610907,2.5928292649258464e-05,0.9409734845049404,61.87360185087071,0.0009474265316801763,0.8210678091283601,411511.5052208837],0.6583751905834314
9,BH,9,10000,[0.009223817285988305,2.4040889567445815e-05,0.9482693083218773,61.977338514963904,0.0009102431320243861,0.8227145413076582,345169.38252158207],0.6579382237047336
