ECM-Num,GOA-Name,Repeat-Time,Iteration,Fitted-Parameters-List,Chi-Square
2,GSO,0,10000,[9.701330148456114e-07,0.0004670887268434145,0.8209882405856375,574546.5154496642,6.355584759707979e-05,0.8607337060964025,35.589649201031484],0.15079205303167761
2,GSO,1,10000,[9.591238016648852e-07,0.00046725980077053054,0.8208038479497402,730567.7307308657,6.353618357784509e-05,0.860795404379279,35.570703736705674],0.15078743147737053
2,GSO,2,10000,[9.653680179350513e-07,0.00046727057035798517,0.8207993294137491,750168.8592631717,6.35382239206746e-05,0.8607893435722852,35.57024036830204],0.15078699339762333
2,GSO,3,10000,[8.027739260972404e-07,0.0004672892166604626,0.8207845112193958,766676.9003378409,6.35336360161346e-05,0.8607996510164992,35.56860839284844],0.15078662359546272
2,GSO,4,10000,[9.638283030067113e-07,0.0004674035673561961,0.8206644793822173,940851.1821448839,6.35198040169158e-05,0.8608405671207976,35.555816073582555],0.15078371349910713
2,GSO,5,10000,[7.64567179292621e-07,0.00046721398653547166,0.8208583786013851,684484.3107816624,6.353411762508467e-05,0.8607865804464515,35.57554110378881],0.15078854436580671
2,GSO,6,10000,[7.647382122494862e-07,0.00046734969522920546,0.8207171935196453,835098.153302032,6.35287709323627e-05,0.8608182989421715,35.56133540426986],0.15078531755205354
2,GSO,7,10000,[8.231000173029968e-07,0.0004671588428634487,0.8209126966063636,632625.5615078215,6.35521205970383e-05,0.8607506205336877,35.582133049256186],0.15079003617291356
2,GSO,8,10000,[9.669165546384199e-07,0.00046736789478906635,0.8207005452567204,875855.5526770189,6.352172782719054e-05,0.8608316575520227,35.55936324191717],0.1507846651313602
2,GSO,9,10000,[8.421713958245369e-07,0.000467357198840099,0.8207123605205582,866919.1161438012,6.352339902236672e-05,0.8608270345683384,35.56073995396008],0.15078479341376147
2,GWO,0,10000,[1.9124959775351415e-07,0.0004667697505913343,0.8213012023098654,426020.10315208597,6.359486662513187e-05,0.8606198510189315,35.61828308623891],0.150799753315375
2,GWO,1,10000,[7.292326228298822e-07,0.00046424984545960995,0.8239577734424345,126419.29194784933,6.389279080516479e-05,0.8597475999031765,35.91884173801799],0.1508853816622789
2,GWO,2,10000,[7.56448960531031e-07,0.0004624747893002864,0.8258080060631992,82419.65675835054,6.41708212628724e-05,0.8590362727527694,36.10147156344696],0.15096753662000223
2,GWO,3,10000,[5.885172801877532e-07,0.00046722367861519166,0.8208384691610265,733967.5751250634,6.352680174550973e-05,0.8608035527243628,35.57983356902694],0.1507873178432417
2,GWO,4,10000,[4.4497245562709266e-09,0.0004667995945599437,0.8212905546486301,426419.690258181,6.363073339756685e-05,0.860573973793138,35.628980117760015],0.15079970745971524
2,GWO,5,10000,[7.527256584894183e-08,0.00046665834344626666,0.8214414658945648,385214.3254909665,6.36376448907362e-05,0.8605314383211589,35.645004079720955],0.15080302272411122
2,GWO,6,10000,[1.9941287927544175e-07,0.00046731839335593424,0.820771508290533,817091.7516872486,6.35480398554728e-05,0.8607782013898335,35.571017295283774],0.15078557666385217
2,GWO,7,10000,[2.579227423776999e-07,0.0004673070883591328,0.8207821891606958,761026.9912697637,6.352720255004412e-05,0.8608115318053896,35.56524788835001],0.1507866822102291
2,GWO,8,10000,[2.562037650252927e-10,0.00046546295550472795,0.8226643904403949,187827.91674255635,6.374253593488087e-05,0.8601806751876934,35.762652781505764],0.1508423144218651
2,GWO,9,10000,[6.265058831048808e-08,0.0004673620464164204,0.8207177525255109,808702.3066526246,6.353187005058075e-05,0.8608098774732339,35.56480428779141],0.15078571568278118
2,WOA,0,10000,[4.93855764535936e-07,0.0004720970572760298,0.8185717120298623,351680.31731284736,6.223764912117818e-05,0.8626900929231788,35.468251009750475],0.1508463524391652
2,WOA,1,10000,[3.94488971630243e-10,0.0004660767836849678,0.8219463267574091,254779.54015634992,6.377908857968261e-05,0.8602398511488099,35.67165920688211],0.15082148286556996
2,WOA,2,10000,[7.668019590023367e-08,0.000466809249732258,0.8209371547153871,143518.46301889274,6.144140807877018e-05,0.8638935724980908,34.95853829577266],0.1509094949909775
2,WOA,3,10000,[3.966342483085702e-08,0.00046130539271125573,0.8265327917773067,125187.17120848788,6.274962642329065e-05,0.8603964027535014,36.06534267569977],0.15091897931981854
2,WOA,4,10000,[5.543593567751979e-07,0.0004611618216170719,0.8284033576459802,64377.30801217264,6.525447213269078e-05,0.8568194367258744,36.21313322496274],0.1510573566319446
2,WOA,5,10000,[1.2033899210542537e-08,0.0004670182656489054,0.8210530024289343,580461.1194852786,6.341845145673938e-05,0.8609205441549631,35.59520468977953],0.15079181354134003
2,WOA,6,10000,[4.771208136227583e-07,0.00047589392091719853,0.8144456062294727,166399.6786147936,6.270655364012798e-05,0.86332423158877,34.533813901873934],0.15099533390386102
2,WOA,7,10000,[3.568635501636232e-07,0.00046191260625522666,0.8252609557039208,133875.31334324097,6.564666068271593e-05,0.8570293923488893,36.05491532909899],0.1508937202485463
2,WOA,8,10000,[1.1022896954586888e-08,0.0004614706988961174,0.8240077871604465,274817.38441383,6.206471204066343e-05,0.862904712707296,35.78227968381978],0.1508593323549633
2,WOA,9,10000,[1.4375343883792256e-08,0.0004670316638907687,0.8210165609028961,639618.7048580236,6.363621906254742e-05,0.8606357881502199,35.60393555492503],0.1507897962206887
2,DE,0,10000,[1e-10,0.00046743417509220633,0.8206335496114966,1000000.0,6.35147178735157e-05,0.8608532438704273,35.552480826318856],0.15078284962064134
2,DE,1,10000,[1.0000000983487536e-10,0.00046743417217447707,0.8206335549689909,1000000.0,6.351471953174754e-05,0.8608532403045998,35.55248197551989],0.15078284962064134
2,DE,2,10000,[1e-10,0.0004674341725653122,0.8206335539725069,999999.9999999795,6.35147187966357e-05,0.8608532419062683,35.55248189288584],0.15078284962064134
2,DE,3,10000,[1e-10,0.00046743417160156957,0.8206335543546948,999999.9999999051,6.35147179250785e-05,0.8608532427947222,35.55248161212219],0.15078284962064134
2,DE,4,10000,[1e-10,0.0004674341703158308,0.8206335549146607,999999.9999999433,6.351472010903393e-05,0.8608532393535642,35.55248190018511],0.15078284962064134
2,DE,5,10000,[1e-10,0.00046743417145024487,0.8206335539854166,999999.9999999758,6.35147190075246e-05,0.8608532413651566,35.5524816955659],0.15078284962064134
2,DE,6,10000,[1e-10,0.00046743417199457356,0.8206335525088324,1000000.0,6.351471986464862e-05,0.8608532403310387,35.552481403963],0.15078284962064134
2,DE,7,10000,[1e-10,0.00046743416956639014,0.8206335561805873,999999.9999999887,6.351472015167656e-05,0.8608532398704675,35.552481999852475],0.15078284962064134
2,DE,8,10000,[1e-10,0.0004674341723993896,0.8206335546606269,1000000.0,6.351471902453699e-05,0.8608532415440446,35.552481801023184],0.15078284962064134
2,DE,9,10000,[1e-10,0.00046743417223438894,0.8206335532291625,1000000,6.351472052401707e-05,0.8608532395525843,35.5524814894094],0.15078284962064134
2,ABC,0,10000,[1e-10,0.00040777385253341496,0.8674106741763987,393446.655408565,0.00010956274971723182,0.8032892507509376,39.470529537474455],0.1602652498378101
2,ABC,1,10000,[1e-10,0.00050051390563391,0.7734532290900384,1000000,5.8631218054868624e-05,0.8778798898523643,26.929183723170457],0.15462191473300224
2,ABC,2,10000,[1.0655607251912443e-08,0.0004831670216681005,0.8375289797578299,1000000,6.608331021279146e-05,0.8570608724850384,40.73928509514747],0.15320386390739948
2,ABC,3,10000,[1e-10,0.00044191278159605316,0.8478041152127511,60099.298234009475,0.00011081593512688626,0.809243996797964,40.576103903167464],0.15615045047288503
2,ABC,4,10000,[1e-10,0.00046211668776225025,0.8244586011615094,1000000,9.27498854515578e-05,0.827774846240335,36.269507563101236],0.15313206289295925
2,ABC,5,10000,[1e-10,0.0005032040219195535,0.8393323165236051,1000000,0.00012009471633424988,0.7956707849466527,47.25047978438363],0.16101590512111988
2,ABC,6,10000,[1e-10,0.00046531452170643026,0.868196706317358,247714.640601688,9.106234937204826e-05,0.8222186512873074,44.37368071576468],0.15635712895603593
2,ABC,7,10000,[1e-10,0.000488956892543486,0.7964257221770147,901815.0991438896,6.63694729066785e-05,0.8614539290063133,31.149318414407865],0.15200682805480945
2,ABC,8,10000,[1e-10,0.0004630820087865328,0.8288848641701829,1000000,0.00010024008151565981,0.8168293639872017,37.6165820229472],0.15385527676991648
2,ABC,9,10000,[1e-10,0.0004934681564495291,0.7976376113417286,1000000,7.878666994110723e-05,0.8451970599866674,32.41732971519279],0.15273187828039994
