ECM-Num,GOA-Name,Repeat-Time,Iteration,Fitted-Parameters-List,Chi-Square
9,DE,0,10000,[1e-10,1.5750536709457205e-05,0.9785990974153359,1.0,0.00011724768511810073,0.37891910442104504,1000000.0],0.03541868318753519
9,DE,1,10000,[1e-10,1.575053682930827e-05,0.9785990967519795,1.0,0.00011724768533897315,0.3789191022320625,1000000.0],0.035418683187535195
9,DE,2,10000,[1e-10,1.575053684923664e-05,0.9785990966727962,1.0,0.0001172476848143828,0.37891910471254026,1000000.0],0.03541868318753518
9,DE,3,10000,[1.0000000000000003e-10,1.575053678431854e-05,0.9785990971470935,1.0,0.00011724768486943831,0.3789191041612245,999999.999999071],0.03541868318753519
9,DE,4,10000,[1e-10,1.575053677371591e-05,0.9785990970434634,1.0,0.00011724768489550217,0.3789191040913307,999999.9999999084],0.03541868318753518
9,DE,5,10000,[1e-10,1.5750536743511792e-05,0.9785990972604305,1.0000000000007885,0.00011724768503815978,0.3789191038037832,1000000],0.03541868318753519
9,DE,6,10000,[1e-10,1.575053671303172e-05,0.9785990975249882,1.0,0.00011724768469324379,0.3789191050507638,1000000.0],0.03541868318753518
9,DE,7,10000,[1e-10,1.575053676018576e-05,0.9785990971607562,1.0,0.00011724768494922719,0.37891910491740494,999999.9999995105],0.03541868318753518
9,DE,8,10000,[1.0000001365692445e-10,1.5750536773000577e-05,0.9785990971047872,1.0,0.00011724768487273014,0.37891910259604233,1000000.0],0.03541868318753519
9,DE,9,10000,[1.000000332375263e-10,1.57505367048321e-05,0.97859909750647,1.0000000000002984,0.00011724768505196445,0.3789191042066223,999999.9999997403],0.03541868318753519
9,WOA,0,10000,[1.0435649044422687e-07,1.6051644838219228e-05,0.9764005096653077,5.690568076886124,0.00011377134274192801,0.3851476256403687,147341.78409686201],0.035543961806573036
9,WOA,1,10000,[5.497541076275761e-07,1.58716979279729e-05,0.9781058604015025,44.45175399610569,0.00011612626744719157,0.3845226314673378,355829.75366443326],0.03543634359381423
9,WOA,2,10000,[2.2597161075345422e-09,1.602402411263642e-05,0.9773744137517202,72.20779823710726,0.0001124400632939478,0.3923341191252366,139820.61752774197],0.03547659331073606
9,WOA,3,10000,[3.524103255724331e-07,1.5505318521141332e-05,0.9803301716126266,26.158647531459604,0.00011462780375806856,0.386712616550762,385340.9642758126],0.035499767709441236
9,WOA,4,10000,[1.1057639047273508e-07,1.6145518154226616e-05,0.9767113060525083,91.51673155010904,0.00011771154115781265,0.3831248767995359,737336.047366738],0.03544751390257284
9,WOA,5,10000,[1.1673791255344379e-08,1.5782464309696077e-05,0.9787823726076598,22.964896476579646,0.00011291666043836513,0.39109556887806074,162502.6030946985],0.03546807620972792
9,WOA,6,10000,[5.684105750660226e-08,1.587254409735873e-05,0.9782688025707102,7.405369200412842,0.00011596610125651746,0.38170858185876494,433065.62791756174],0.03544296087653367
9,WOA,7,10000,[8.250004088500678e-07,1.6191055471467522e-05,0.9762433749292385,5.5844277824894615,0.00011569617607139508,0.376917091492991,480190.81514153694],0.03546279358482585
9,WOA,8,10000,[1.5834578626559684e-07,1.6161823265037163e-05,0.9768001715381935,179.79438178369804,0.00011157925768130168,0.40643514344563886,102029.50582061055],0.03550449045044752
9,WOA,9,10000,[1.203516901497818e-07,1.5760170566089435e-05,0.9791737864121535,212.99093734052008,0.00010946474232651106,0.42002809701888116,79764.18210905057],0.03557244111584997
9,ABC,0,10000,[1e-10,1.960778415884031e-05,0.9550550664488759,1225.5330323501132,0.0001429367841747986,0.4251402005694419,1000000],0.040816698511009636
9,ABC,1,10000,[1e-10,1.9455425070684847e-05,0.9588308862657674,944.2649363055618,0.00013860094805266256,0.40866153088188,1000000],0.03853248666885845
9,ABC,2,10000,[1e-10,1.9841249697903452e-05,0.9518904287870869,739.5518328910837,0.00011837240268845314,0.4058136381772511,144555.93461548313],0.03968285267720811
9,ABC,3,10000,[1e-06,1.5156716456423968e-05,0.9874346755561583,233.02555056937564,0.00011059450170633787,0.4205785276753657,146647.77843076948],0.03743546182727586
9,ABC,4,10000,[1e-06,1.2048990841724058e-05,1.0,1,9.592812526725252e-05,0.47661043506629663,36279.40974733018],0.03705407014060431
9,ABC,5,10000,[7.224183580643645e-07,1.5703188577227786e-05,0.9782766996368539,695.1639933930477,0.00012086054137815496,0.4517440136812258,89279.44946173122],0.038278750616477134
9,ABC,6,10000,[1e-06,1.2725700029228497e-05,1.0,1,0.00011476744981438907,0.42093982632169064,231350.7276063857],0.03696226385800909
9,ABC,7,10000,[1e-06,1.261034544069824e-05,1.0,1,0.00011379925403460043,0.4398216661632847,134110.3979038543],0.03722730048917861
9,ABC,8,10000,[1e-10,1.709693060964063e-05,0.9710959230843037,482.6262180219044,0.00011011251269381738,0.4430333831514164,71239.79674158095],0.03594931760805719
9,ABC,9,10000,[1e-10,1.5798789548318462e-05,0.9770929840033472,1,0.00011072822971860059,0.3936286444595589,62055.67543585037],0.03630969539624662
9,ICA,0,10000,[4.867839595862347e-07,1.6167011377782813e-05,0.9763731614518099,42.37120178334661,0.00011750483383349753,0.37781821432399476,999999.9999941617],0.035438849532043105
9,ICA,1,10000,[5.751228974193503e-07,1.7076630303061576e-05,0.9719727396472749,304.6644697694554,0.00012005411233106367,0.39357165128202126,741486.687922342],0.03561419012422996
9,ICA,2,10000,[3.7869851233752127e-07,1.631434808415371e-05,0.9757326782781801,116.65400187042736,0.00011785350595810314,0.38444307680866807,670137.446941154],0.03545965300733543
9,ICA,3,10000,[5.499077577452569e-07,2.133715863174572e-05,0.9558465844069821,1763.0965736944484,0.00014197903309420777,0.47246595951770237,838037.345281819],0.04164732869299327
9,ICA,4,10000,[4.529413382783955e-07,2.1855892192645335e-05,0.9472757344898065,1201.0214919571035,0.00012671961638465734,0.4202021982646844,686034.8799787238],0.03896777123865771
9,ICA,5,10000,[1.6950035276082485e-07,1.756118018365076e-05,0.9692089841404835,336.5233263013553,0.00011832974982224505,0.39224583638295796,391711.3624981557],0.03568358362020938
9,ICA,6,10000,[2.2073027582543192e-07,2.2022851983340235e-05,0.9486122127672953,1641.222729300595,0.00013349878701212508,0.44106354112784396,778373.9518505348],0.03955542525497346
9,ICA,7,10000,[4.2084165436046834e-07,1.6689573134646007e-05,0.9739418658772919,221.6017681397772,0.00011549720041745909,0.3969661391344603,182499.82740537846],0.0355201698924455
9,ICA,8,10000,[3.693248604137696e-07,1.6590381012548906e-05,0.9744746885478265,231.73846626606843,0.00012055913540446413,0.39018867581556427,937910.5513059824],0.03555967680694713
9,ICA,9,10000,[3.1497226100956217e-07,1.690590079445231e-05,0.9727783981648787,270.1821711080723,0.00011876386926024709,0.39228486507905846,459602.90803396417],0.03556047068492182
9,BH,0,10000,[4.968628713354297e-07,2.0849312868976765e-05,0.9528763452322057,1095.7033650371693,0.0001269417720511893,0.41151833224001716,622006.232626267],0.03785829691402245
9,BH,1,10000,[5.962852564387126e-07,2.048305901205395e-05,0.954576925334579,995.9331206414117,0.00012548269491312363,0.4122485552597178,502217.482508687],0.037514857676213896
9,BH,2,10000,[5.314231389575021e-07,2.0948980447231195e-05,0.9525111283177536,1029.9063290382182,0.00012581166638094387,0.40995740140604847,485348.37222181226],0.037844127832808515
9,BH,3,10000,[6.679738834068028e-07,2.015195427489892e-05,0.9557487834557459,918.5088013814919,0.0001246190124516506,0.40848947422450266,562919.7558243109],0.037252948510873775
9,BH,4,10000,[4.261502293866088e-07,2.071459490126136e-05,0.9536986615420439,1060.058941285284,0.0001262814376999233,0.4132890934074069,542485.6602855503],0.03772553780537375
9,BH,5,10000,[5.831443951474004e-07,2.0650037422447862e-05,0.9535594431898311,1074.4467903646894,0.00012711460159533605,0.4131087583872319,508106.3734331766],0.03774364883459786
9,BH,6,10000,[6.371847752990945e-07,2.010172518248224e-05,0.9567075113524369,984.0911862885026,0.00012598716786413423,0.4129856636752138,581895.9333954314],0.037293940163468035
9,BH,7,10000,[4.260309107390562e-07,1.9519011388792633e-05,0.9594955955308051,860.9392839819889,0.00012436885860681504,0.4137327548472568,504919.44861800957],0.03687010468343196
9,BH,8,10000,[4.721605868845675e-07,1.9328441244314485e-05,0.9602909968801918,867.633031344043,0.00012461386979819642,0.41710746664591597,498528.3166200233],0.036838454256684465
9,BH,9,10000,[3.6450282040870766e-07,2.014348451770466e-05,0.9557378360389569,993.6441113776891,0.0001262153103684901,0.4187047992784679,418464.25846086215],0.03742356193644183
