ECM-Num,GOA-Name,Repeat-Time,Iteration,Fitted-Parameters-List,Chi-Square
2,GSO,0,10000,[0.012497881578058862,0.0008688117893300701,0.6836118664006442,0.08713432532597942,0.0020295571764535514,0.7784477403782002,3523.3385678602],0.0014385628837636853
2,GSO,1,10000,[0.008101764882339506,0.0007834654263109317,0.6821830546091607,0.09104782317780641,0.002029952960148377,0.7783871216236012,3532.1824236392067],0.001387476932728826
2,GSO,2,10000,[0.01863067967225662,0.0008135869658057772,0.7010442977123785,0.08078084756860308,0.0020298846239880154,0.7783929823773236,3526.288941458539],0.0014744906804909973
2,GSO,3,10000,[0.0030829361274913422,0.00013498873816395485,0.8035841861199439,0.08993157226165631,0.002039089596865757,0.7769714334124197,3628.510401025015],0.0011518716303902591
2,GSO,4,10000,[0.010467543185662882,0.0005079422967432576,0.7189864432562603,0.08708945261859093,0.0020320277323195033,0.7780487952536826,3551.0782026511592],0.0013127404604876115
2,GSO,5,10000,[0.018590759607563265,0.0008036477193598685,0.7017873045263248,0.08085182851945986,0.002029614852730031,0.7783837524640177,3503.6325451291946],0.0014709867762868181
2,GSO,6,10000,[0.005906411501602004,0.0004901622425746104,0.713002989597466,0.09146867215850024,0.0020322316040425298,0.7780173252013014,3549.146654403821],0.0012877837195551232
2,GSO,7,10000,[0.012587433568854705,0.0009028944525996427,0.6804717341215872,0.08727661395752485,0.0020298025527827274,0.7784695730081957,3513.17435828849],0.0014480367984778533
2,GSO,8,10000,[0.01567618256010654,0.000729808741332478,0.7026888409877158,0.08331820354568657,0.0020302167136037725,0.7783335785316413,3528.32848469458],0.0014212498651171147
2,GSO,9,10000,[0.010332325177823247,0.00038727299343182744,0.7389283876937537,0.0861694712730084,0.002033728328724452,0.7777948303821318,3571.4927986352886],0.0012659995745654537
2,GWO,0,10000,[0.02986499786434441,2.3049772730032385e-05,0.9959423347028867,0.059384006998667006,0.00204814835271999,0.7756607999505484,3779.7297471865727],0.001173379954791113
2,GWO,1,10000,[0.01867642041186232,0.00012628809930428027,0.8388428067757009,0.07235787534192124,0.0021232806070236253,0.7705605553259164,38128.526014330215],0.003007246508863788
2,GWO,2,10000,[0.02749302682384692,7.293065808945682e-05,0.9025847970609869,0.06460074094345797,0.0020409335943707536,0.7766309245568825,3636.7684095791687],0.0011674387903956166
2,GWO,3,10000,[0.07721577762989196,0.00012476672338086782,0.6565674133854139,0.00016400257577159542,0.0021210142121787633,0.7661182734386013,4827.582045117234],0.011362739534256485
2,GWO,4,10000,[0.0002552555109546313,0.00010176023908403294,0.8193295681783256,0.09166475229991533,0.002047448708376151,0.7762009163914567,3958.3521597635495],0.0011627848215378625
2,GWO,5,10000,[0.07691062945882239,8.348822366879259e-05,0.6268690077204454,0.00047010618879148687,0.0021206003780658146,0.7661472452698638,4790.368557745543],0.011362689075545591
2,GWO,6,10000,[0.010729211095127396,0.0003264759931863843,0.7523686978911307,0.08526833707474779,0.0020342242775121,0.777698020555087,3583.9551545798276],0.0012417801267842325
2,GWO,7,10000,[0.03028424596597323,3.305504898994544e-05,0.969721839594411,0.05995956536268789,0.002043195297561982,0.7761755859596504,3606.6184985920686],0.0011628581537250183
2,GWO,8,10000,[0.0021924208472799155,0.00022882104865878375,0.7626743006778772,0.09250867785046961,0.0020363407095460246,0.7773998913880811,3605.492688218995],0.0011830547795617754
2,GWO,9,10000,[0.01353929279169544,0.000755790405466532,0.6954316038845921,0.08550674929106394,0.0020296723726206823,0.7783800413589547,3523.2489083087507],0.0014129287959565252
2,WOA,0,10000,[0.016622846928056784,4.579673129028719e-05,0.9119425123560863,0.07364639904954189,0.002045011292390522,0.77612145140001,3724.5797755780454],0.0011472962192859023
2,WOA,1,10000,[0.0044121822414584875,0.00030537208369508227,0.7453234555005451,0.09131049352446255,0.002033252068910245,0.777777249203187,3515.778109563724],0.0012164220019937107
2,WOA,2,10000,[0.0106370850972171,5.1630089562328906e-05,0.8899049305007883,0.07984209674707231,0.0020424016140471444,0.7758769449242658,3705.175449743662],0.0011611828802238218
2,WOA,3,10000,[0.008959515112869973,5.198384220575775e-05,0.8866312888583487,0.08179114229634989,0.0020256289790927533,0.7778869167588967,3776.285364048894],0.001196819116399346
2,WOA,4,10000,[0.0009537712644097158,0.00013326900009784734,0.8007624165858767,0.09206009097177983,0.0020367071977670367,0.7771714340654786,3473.860374412527],0.0011566503922425155
2,WOA,5,10000,[0.0296784786592873,5.3461113867778517e-05,0.9316729739553412,0.06176754366446679,0.0020393361182119434,0.7766210026379922,3520.4154466096643],0.001168917293601613
2,WOA,6,10000,[0.0057374951209811665,0.00017647179942203178,0.7912438810945576,0.08713181336726908,0.002035710725132324,0.7769829695034771,3823.556408608975],0.0012091984383174657
2,WOA,7,10000,[0.0020387002235798843,1.5377854085407845e-05,0.9643248751935383,0.08493315359597758,0.00203650327121573,0.7760210285563441,3756.8288249326038],0.0013666720859660693
2,WOA,8,10000,[0.02637622165924888,0.00010434051028016631,0.8726088214920574,0.06669445402881459,0.0020385877675406006,0.7769216197671833,3599.8473365237314],0.0011872687902720377
2,WOA,9,10000,[0.0005184788214647191,0.00014380214617627354,0.7941728877359565,0.09219999504505227,0.0020394513783490212,0.7769159998663441,3823.5249938853544],0.0011641400723365
2,DE,0,10000,[0.01629781440492561,6.816314729970397e-05,0.8813494521294089,0.07506020811786245,0.002042257299036948,0.776477489495006,3665.998844922335],0.0011387681572256878
2,DE,1,10000,[0.016297815317007226,6.816314587835547e-05,0.8813494557128749,0.07506020718422222,0.002042257298827968,0.776477489419623,3665.9988197281073],0.0011387681572256894
2,DE,2,10000,[0.016297816542335135,6.816314056356464e-05,0.8813494642074097,0.07506020572909747,0.002042257299130202,0.7764774892322869,3665.9988457599543],0.0011387681572256891
2,DE,3,10000,[0.016297813335395057,6.816314868572262e-05,0.8813494485933072,0.07506020904888526,0.0020422573000881106,0.7764774892963068,3665.9988076391696],0.0011387681572256909
2,DE,4,10000,[0.016297815738908865,6.81631401606693e-05,0.881349462848833,0.0750602065154075,0.0020422572992607056,0.7764774893749804,3665.998851936618],0.00113876815722569
2,DE,5,10000,[0.016297814742208226,6.816314175832603e-05,0.8813494589043548,0.07506020746615044,0.002042257302044063,0.7764774892071891,3665.9988227854246],0.001138768157225688
2,DE,6,10000,[0.016297816037660173,6.816314203520938e-05,0.8813494612295827,0.07506020623840912,0.00204225730084392,0.7764774892210927,3665.9988471204633],0.0011387681572256894
2,DE,7,10000,[0.016297815964980193,6.81631426430562e-05,0.8813494610087901,0.07506020623107743,0.0020422573006765583,0.7764774892624975,3665.998842913699],0.0011387681572256883
2,DE,8,10000,[0.0162978169498863,6.816314208268869e-05,0.881349463485206,0.07506020538124236,0.0020422572998266874,0.776477489299013,3665.9988272152505],0.001138768157225687
2,DE,9,10000,[0.016297814327623308,6.816314684776923e-05,0.8813494522783453,0.075060207977079,0.002042257300204522,0.7764774893015495,3665.9988619890532],0.0011387681572256868
2,ABC,0,10000,[0.05321565098727665,0.0007135015316926712,0.7995771187510969,0.04451707790292851,0.0020625754814569035,0.7764214934905957,3043.167865355551],0.002935085143635006
2,ABC,1,10000,[0.0402332452124461,0.00045926194319186823,0.8025294850130984,0.053638952994343084,0.0021476134105869052,0.7683786532169531,4989.177483889351],0.002668352054951698
2,ABC,2,10000,[0.0001,0.000618881780430192,0.6938396503993999,0.10682649425642235,0.0020098629816726245,0.7828074580523005,3426.185215674305],0.00202860237896074
2,ABC,3,10000,[0.009236032022062593,0.0008148109299287467,0.6860786886053246,0.09656093655217998,0.0020656390071456428,0.7769404164259069,5451.320650266949],0.002223556891204086
2,ABC,4,10000,[0.0001,0.0007255750040067084,0.6861771859944106,0.10659126390942476,0.002120840794818446,0.7749321185217165,5326.321413418363],0.00298954776620743
2,ABC,5,10000,[0.0481437080999034,0.00029174190914013377,0.8619763420990662,0.04956245018930357,0.002045759079837884,0.7764823348362977,7295.286741253352],0.002700880483194513
2,ABC,6,10000,[0.005328439845025431,0.0009934904265891918,0.6509015510810251,0.08778058597403832,0.002080385688831888,0.7709440580361688,7992.6060633410925],0.0026484390494285436
2,ABC,7,10000,[0.05241541779687158,0.00017064496696213944,0.9192936358585844,0.03679994429343192,0.002118686558065532,0.7698207757092753,4534.491027185071],0.002792322101625191
2,ABC,8,10000,[0.0001,0.000700134142961762,0.6630075803362168,0.08903339857052438,0.0021190327357429404,0.7684296234589618,4224.034327719159],0.0025529354251698105
2,ABC,9,10000,[0.0028887290323625064,0.00015837903451245897,0.7862688816135944,0.0885949555401843,0.0021003324186400323,0.7723342864680294,19186.887591018418],0.00267875740367809
