ECM-Num,GOA-Name,Repeat-Time,Iteration,Fitted-Parameters-List,Chi-Square
9,DE,0,10000,[1e-31,0.00015941038337294035,0.783289589686136,16629.86063515399,0.0020054601413235043,1.0,10.0],1.05641338586188
9,DE,1,10000,[1e-31,0.00015941038287876758,0.7832895902054382,16629.860442682933,0.0020054452436995013,1.0,10.0],1.05641338586188
9,DE,2,10000,[1e-31,0.0001594103837528907,0.7832895895672383,16629.86056276992,0.002005455843063853,0.9999999999976472,10.0],1.0564133858618798
9,DE,3,10000,[2.453656461200963e-18,0.00015941038327601896,0.7832895895946677,16629.8606579791,0.002005456348944885,0.9999999999971735,10.0],1.0564133858618798
9,DE,4,10000,[1e-31,1e-12,1.0,1e-09,0.00015941162976730776,0.7832888702751781,16640.23762463219],1.0564183639908005
9,DE,5,10000,[1e-31,1e-12,1.0,1e-09,0.0001594116296308745,0.7832888704230495,16640.237252559906],1.0564183639908005
9,DE,6,10000,[1e-31,0.00015941038306109139,0.7832895900261562,16629.860665056945,0.0020054575544497513,1.0,10.0],1.0564133858618803
9,DE,7,10000,[1e-31,0.0001594103830771785,0.7832895900045187,16629.860740319822,0.0020054636921524854,0.999999999994253,10.0],1.0564133858618798
9,DE,8,10000,[1e-31,0.0001594103834658248,0.7832895897246634,16629.861009712833,0.0020054630561247566,1.0,10.0],1.0564133858618798
9,DE,9,10000,[1.003401385455967e-31,0.00015941038299221882,0.7832895899729854,16629.860663546024,0.002005451665878947,1.0,10.0],1.0564133858618798
9,WOA,0,10000,[1.588853303750084e-06,0.00017824004639116635,0.7709025766796321,34023385.0728382,0.0032629654301324237,0.6875030542606343,25210480710.614525],1.473438996348849
9,WOA,1,10000,[1.8493726489408132e-05,0.00015942787564060597,0.7831889748616349,16669.648584312752,0.005388528591905486,0.5990504243159828,13265377839.48589],1.0574135711687744
9,WOA,2,10000,[4.374702173928515e-06,0.000166890189836692,0.7778851487542822,34091.21200557771,5.7931452215612184e-05,0.755461472257902,53746991348.18045],1.2547543967930992
9,WOA,3,10000,[2.1751343804338908e-07,0.00017850868279223927,0.7706709065357611,134406171.35364595,1.913198869745345e-05,0.739139422717648,19609283388.06714],1.4737355099437806
9,WOA,4,10000,[1.3048417052167676e-06,0.0001585137698333132,0.7838929254711925,16109.696984753842,0.003824526591518123,0.6017636501026958,210819964.94704673],1.0578646410613606
9,WOA,5,10000,[6.612106074620846e-05,0.00015935752797268442,0.7833435249793944,16563.671311974485,0.021709977798361556,0.6643033276401414,62041170.322999306],1.0571389510827751
9,WOA,6,10000,[9.258296708052713e-06,0.00016402392564657408,0.7823707261467919,85586.97214554372,0.0005834090513811446,0.793861707317859,149221942132.17285],1.3741249148346761
9,WOA,7,10000,[0.002521012807578272,0.00016138169557830821,0.7813155513455797,18415.546085108588,0.014100379997244282,0.9251876571697488,239872657294.07703],1.0814926260685462
9,WOA,8,10000,[2.7922413278892993e-06,0.00015900988981954953,0.7835403836019922,16348.684324206633,0.0017777424498486647,0.6212149396148561,18823820.878950678],1.0591652118507502
9,WOA,9,10000,[9.2593634510625e-05,0.00015916973076973603,0.7834501025959455,16404.227205587962,0.003387339388690423,0.5196162834579577,4426222939.477548],1.0582706453750006
9,ABC,0,10000,[0.028766703253082112,0.0003374476282973493,0.7112807862182201,1000000000.0,0.1,0.5,557362834694.8358],4.806537770646476
9,ABC,1,10000,[1e-31,0.00031527173227931146,0.7091012593808408,1e-09,1e-12,0.5,853593190349.7528],4.055353279270489
9,ABC,2,10000,[1e-31,0.00022688173920291932,0.7493020983883051,28555137.995315522,0.1,0.6042301983247346,10],1.9996462796586016
9,ABC,3,10000,[1e-31,0.00039786658666237355,0.6986803470444698,1000000000.0,0.1,0.5,10],5.5102001594699646
9,ABC,4,10000,[1e-31,0.00021687613887383383,0.7487811552171997,8921154.755108044,0.1,0.5,10],1.8527506601513448
9,ABC,5,10000,[0.0037773407514686674,0.00020730829518085503,0.7545959832397798,18787806.61164832,0.1,1.0,699144262479.9138],1.7393265269086768
9,ABC,6,10000,[1e-31,0.00046045814076397937,0.6904196295094764,1e-09,1e-12,1.0,1000000000000.0],6.638076809846125
9,ABC,7,10000,[1e-31,0.00031342417488214037,0.7289702423869852,544180868.8759773,0.1,0.5,703239160914.0924],3.9509205540855454
9,ABC,8,10000,[0.01999214670991911,0.0002612961828195419,0.7458925095872222,27235765.39137523,1e-12,0.5,10],3.0931361332461726
9,ABC,9,10000,[1e-31,0.00015288302196864167,0.7858677131761981,60350077.474896066,9.627086124634088e-07,1.0,1000000000000.0],1.758045788309226
9,ICA,0,10000,[1.2040228977154487e-13,0.00017832140045191962,0.7708449410018118,603431836.1230512,0.06076925785199123,0.7813985425461318,340813003974.6883],1.4738075286704357
9,ICA,1,10000,[1.456624477972574e-10,0.00017841902712697626,0.7707567513962067,570579340.7491632,0.039634033789946045,0.6028720038021973,628181364877.8391],1.4738042559231537
9,ICA,2,10000,[7.789027031541572e-14,0.0001780961392671655,0.7709869411692941,435309499.9763151,0.012842109460029637,0.8849698139669823,177414620099.43875],1.4738281483467615
9,ICA,3,10000,[9.365360627527771e-15,0.00017593230052690011,0.7729473927099355,375771571.8089917,0.07137254940130142,0.7040503877092527,175253682110.04086],1.477083952238835
9,ICA,4,10000,[8.64452153166124e-13,0.00017920687207224358,0.770097488743101,479747974.22825164,0.06402949303968662,0.8150169647590851,482811639440.4984],1.4741328059991679
9,ICA,5,10000,[0.00021591450522751718,0.00018143946581387346,0.7679599392200399,20823.61649631104,0.04217899297226721,0.7990251403647654,490346885667.7474],1.197592692072741
9,ICA,6,10000,[6.967414264377811e-14,0.0001776275965354328,0.7714476414010796,790356859.8265419,0.025482271822292627,0.8082731624524745,469829027072.3831],1.4741199875358546
9,ICA,7,10000,[2.3576067257043166e-12,0.00017818306568270244,0.7709417492516781,826262614.6007029,0.053080808434298604,0.7418891265906408,724927119966.0046],1.473829238646991
9,ICA,8,10000,[3.9986419499019746e-13,0.00017839695521026556,0.7707841279708285,698091150.2159512,0.023159067592591846,0.7123552082227259,318486414770.85626],1.4738081857757985
9,ICA,9,10000,[6.158009796506658e-09,0.00017822107201849024,0.7709344295529089,471027177.92655855,0.030458666128903324,0.9095937699320481,394465154951.256],1.4738142259873288
9,BH,0,10000,[0.06546430751151525,0.0003987359020137626,0.695324861330375,282299257.1769929,0.014324189530194653,0.7566229024616702,322950719065.79364],7.006433002008648
9,BH,1,10000,[0.023137481875629487,0.00020967012842787572,0.7553009991636185,396725572.97714293,0.03152222365731562,0.6037364131674963,896689188215.8591],2.008598666492628
9,BH,2,10000,[0.03272880327353193,0.00014728301547107432,0.8747742586823377,690042163.2064826,0.018097084901375297,0.8543586852774161,185947217368.2291],8.093406358838353
9,BH,3,10000,[0.040101426225380266,0.0003752244845441745,0.6903226334088353,622675272.0493783,0.09026928967131596,0.86485546645824,323676522881.0316],6.490357526651707
9,BH,4,10000,[0.08828292596179103,0.00044681059600502025,0.7066369176823538,81707220.09736586,0.01366896156322982,0.8303794720665242,27363623349.294796],8.407730113877934
9,BH,5,10000,[0.05220786676954741,0.00016011613855305195,0.8255861811910492,498821148.5735714,0.016925853733381672,0.5275367813038421,90884398452.11658],4.242402118071958
9,BH,6,10000,[0.06823699605598342,0.00035016812259335104,0.7291202021330699,49312666.11828267,0.09021674164175536,0.6307102307279424,530944466484.3829],6.1326860398766785
9,BH,7,10000,[0.0326241841828173,0.00036947161362564554,0.731493984484859,849453655.8412203,0.007202369465189459,0.8007478358044451,982601640577.4982],6.295918390652377
9,BH,8,10000,[0.024316950172275156,0.0004236438065393441,0.7004884563971926,247759267.52302313,0.04135759461255988,0.8574696696739698,195207908119.03235],6.4301752771362795
9,BH,9,10000,[0.09032710323038096,0.00016793031553408698,0.8491986955853046,761008314.401834,0.02750971649723063,0.5783484241708607,732970308587.2877],7.087711720934864
