ECM-Num,GOA-Name,Repeat-Time,Iteration,Fitted-Parameters-List,Chi-Square
9,DE,0,10000,[1e-31,0.00039643098574839423,0.7793178910601991,376022.4897084281,0.00036438077399295103,1.0,10.0],2.217915406290478
9,DE,1,10000,[3.297093761647516e-17,0.00039643098611447043,0.7793178913656982,376022.50628683914,0.0003644124198693382,1.0,10.0],2.217915406290478
9,DE,2,10000,[1e-31,0.00039643098490406686,0.7793178915886435,376022.51896909915,0.00036438138699845574,1.0,10.0],2.2179154062904773
9,DE,3,10000,[1e-31,1e-12,0.7793261261345972,1e-09,0.0003964309978757933,0.779317886775066,376039.9917021978],2.217915409377134
9,DE,4,10000,[1e-31,0.00039643098580077876,0.7793178913989058,376022.1103749058,0.0003645456904120735,1.0,10.0],2.217915406290478
9,DE,5,10000,[1e-31,1e-12,0.7793255535616026,1e-09,0.0003964309972029159,0.7793178871597867,376040.0106896505],2.2179154093771345
9,DE,6,10000,[1e-31,0.0003964309850469436,0.7793178913759137,376022.7624339849,0.0003644609522582467,0.999999997732016,10.0],2.2179154062904773
9,DE,7,10000,[1e-31,1e-12,0.7793258857511286,1e-09,0.000396430996522655,0.779317887438886,376039.91060912574],2.2179154093771345
9,DE,8,10000,[1e-31,0.000396430985231333,0.7793178915127537,376022.56599645206,0.0003644519308815917,0.9999999952927502,10.0],2.217915406290478
9,DE,9,10000,[1e-31,0.0003964309969139963,0.7793178873866894,376029.68058957637,1e-12,0.555981681714397,10.0],2.217915408544329
9,WOA,0,10000,[8.788443909239915e-05,0.00039640170379860485,0.7793711397068442,432823.2782934779,0.02485155111337205,0.9466442191991049,33834108230.62233],2.2179955456280434
9,WOA,1,10000,[4.1860134871970846e-05,0.000397586523595934,0.7789513101559659,789136.3628519317,0.014465040279403672,0.5501210530830207,25127153108.977177],2.218011522722689
9,WOA,2,10000,[2.0574678126146707e-05,0.00039618598510226855,0.7792764494504011,13551738.537914423,0.024908596324319947,0.8603082535203673,24605373669.861134],2.2180810377097275
9,WOA,3,10000,[2.317575911248742e-05,0.00039677305258591946,0.7791224881685418,4747279.713802665,0.0003726442006170001,0.8581487761017529,70045948717.15617],2.2180428269160153
9,WOA,4,10000,[1.440650123118298e-07,0.00039713435306228627,0.7790539278279093,19883570.23559261,0.001103458107162844,0.641636635302599,3498812747.5928383],2.2180281648871825
9,WOA,5,10000,[7.831994360285353e-06,0.0003970937188790894,0.7791805166832207,13399420.968934061,0.008261754506265826,0.5748549425820708,68052101627.549286],2.218043275603339
9,WOA,6,10000,[9.731227037637884e-05,0.00039699877988030885,0.7791788312142178,2252105.7235937575,0.0001409597063019536,0.8165732221141166,35928890209.01376],2.218090628026383
9,WOA,7,10000,[5.660011151201219e-05,0.0003962018059227795,0.779433208075541,353257.7270927561,0.0015667347159230148,0.5865536633585178,168401946453.32626],2.2179863784702336
9,WOA,8,10000,[6.404149753448753e-07,0.00039703118088563427,0.779121383416706,40347724.37460988,0.00021531496786614243,0.5401051579411569,127472095688.03297],2.2180293828754607
9,WOA,9,10000,[3.9213114801282115e-08,0.00039653429149986714,0.7792802262251209,507613.35065485013,0.032703022120818354,0.7162981207971064,1976170949.783864],2.21792379629794
9,ABC,0,10000,[1e-31,0.0006679354781176372,0.722365270167897,1000000000.0,1e-12,0.5,775594500089.17],3.4566140947454684
9,ABC,1,10000,[1e-31,0.0004645232431703438,0.7599861986778711,1000000000.0,0.1,0.5,810445006397.1168],2.3524511008162663
9,ABC,2,10000,[1e-31,0.00045697801084602745,0.7427854051352721,1000000000.0,0.04597664910951982,0.5,10],3.056627459466092
9,ABC,3,10000,[0.02200438534445259,0.00028947321892511496,0.8133504836714603,60420311.77769685,0.1,0.5,10],2.998733355980841
9,ABC,4,10000,[0.010416616783412803,0.0005692688105276567,0.7353301791776816,490036933.3348911,0.08927470573535176,0.6100626501301682,10],2.9557166487596778
9,ABC,5,10000,[0.00631730012523093,0.0003844959897930692,0.7932015494824204,47912068.83103286,1e-12,0.5,10],2.359086947653524
9,ABC,6,10000,[1e-31,0.0004133410389790394,0.7718573480594211,1000000000.0,0.1,0.5,914529096823.6814],2.2361195464889665
9,ABC,7,10000,[1e-31,0.00039950010593193825,0.7833220836935676,85510693.3181392,0.1,0.5,548381118855.01245],2.254280223770662
9,ABC,8,10000,[0.014867542824497116,0.00029931510896773813,0.8212472955258913,4324087.583129227,0.1,0.5,10],2.765849318380168
9,ABC,9,10000,[1e-31,0.0006136907926302428,0.7291833742653264,1000000000.0,1e-12,0.5,1000000000000.0],3.117940347424694
9,ICA,0,10000,[3.1106903120181848e-12,0.0003966909647505996,0.7792159182765416,281108680.7410546,0.040538605674967136,0.7254275647927039,426764902328.24756],2.2180344354667105
9,ICA,1,10000,[6.0787059115936464e-12,0.00039729265760884714,0.7790095238212397,411244523.3373749,0.035018974032250585,0.8477778766561891,583586900531.0701],2.2180340294446323
9,ICA,2,10000,[1.0654141693752273e-13,0.0003972081644700517,0.7790406944820177,252689040.7313003,0.050645373910498157,0.8776492174141591,507463220944.4388],2.218032155974304
9,ICA,3,10000,[1.7925988356668493e-09,0.0003976430405200104,0.778874339147039,485815249.90745306,0.063816755314637,0.7834384554643831,631849086084.5155],2.2180486240912494
9,ICA,4,10000,[2.664614418117404e-14,0.00039725352699914303,0.7789975869147319,611145439.481369,0.0678291181693654,0.6955894346356201,442979034313.5695],2.2180357083846176
9,ICA,5,10000,[7.72723734607951e-12,0.0003955658121746853,0.7796782678541931,695796689.8457966,0.051035683011022265,0.7102036054096695,226235638814.6051],2.218129439173733
9,ICA,6,10000,[6.258935680936767e-13,0.0003973965605353833,0.7789671827766583,666611765.2021829,0.02883234735263329,0.6825901751309712,625498534374.8333],2.2180374380186567
9,ICA,7,10000,[1.3973242926500895e-08,0.00039900709227282485,0.7785113636887885,335452548.02449423,0.027149526252911456,0.6192668594266092,349455422936.0322],2.2181775137393136
9,ICA,8,10000,[6.578199097791277e-05,0.00040419477883759243,0.7768722229156008,563597391.4439898,0.09329133362619174,0.899684470188117,782773961631.816],2.2199842490790864
9,ICA,9,10000,[3.4257054258184037e-14,0.00039703599995848804,0.7791081604077662,438526229.20584375,0.04909377102357971,0.869408999141414,649019321543.0308],2.218030593792018
9,BH,0,10000,[0.02249120574788458,0.0006568946028680642,0.7194911064938248,374085510.81814414,0.04655533561480067,0.8000682984935257,728736700004.647],3.6852584951024667
9,BH,1,10000,[0.022060551649638216,0.00035034212166294807,0.7838593029646024,394407538.5800263,0.06511063935147274,0.7892580826261092,938517069808.7502],2.621088685005796
9,BH,2,10000,[0.01858139046166125,0.00026985389531907834,0.8501061189747158,444954221.03144956,0.004958920893721102,0.5064736389726229,98250831998.18523],3.6062851562361455
9,BH,3,10000,[0.04945743824048152,0.0007448845089615439,0.7271641509134771,673990544.3878214,0.0988954452947164,0.908846880378189,13273208685.99751],4.994891676504099
9,BH,4,10000,[0.008039945031925256,0.0007447008198520653,0.7218694843326101,466755099.3799679,0.0579997024121973,0.7479649522703169,736590079274.6271],4.232449341633964
9,BH,5,10000,[0.03821154560459566,0.0005618708383144592,0.7691160799997308,684097281.6193663,0.03506905120654886,0.9848083246467189,817682392361.7019],4.134220258598653
9,BH,6,10000,[0.018991602086403436,0.0006650423776440429,0.7158323966449481,789734451.5458828,0.08980443934094785,0.9405677248858015,159821272206.1169],3.7344831097933753
9,BH,7,10000,[0.07168798994968108,0.0003563663333857468,0.8045713412925133,324696275.6776771,0.09332999936381171,0.5484472702736867,973101900437.309],3.047949157763809
9,BH,8,10000,[0.05139154863789952,0.00044887531236734667,0.7371707557285244,246038268.93703318,0.02302152734246383,0.9704758032384062,519225058084.8046],4.862377487755502
9,BH,9,10000,[0.08547510374440603,0.0003770178726388695,0.7837162570034155,529523325.3428433,0.05482560523223178,0.6271392166973223,428456992178.80206],3.4307846255729535
