ECM-Num,GOA-Name,Repeat-Time,Iteration,Fitted-Parameters-List,Chi-Square
9,DE,0,10000,[1e-31,1.6149914065491118e-05,0.9773083405317868,481.87090342662736,9.322239921965791e-05,0.5,27535.997906180764],0.8686236952240967
9,DE,1,10000,[1e-31,1.614991401761381e-05,0.977308340550946,481.8709028476236,9.322239917802723e-05,0.5,27535.997776415792],0.8686236952240964
9,DE,2,10000,[0.0020695292500508776,1.2387378378748921e-05,0.9988235315195252,1e-09,8.71055919383774e-05,0.5,25634.831178339286],0.884241919596877
9,DE,3,10000,[1e-31,1.614991389533327e-05,0.9773083413403323,481.87089145935806,9.322239907310174e-05,0.5,27535.997915886936],0.8686236952240964
9,DE,4,10000,[1e-31,1.6149913904423507e-05,0.9773083414244271,481.87089686332394,9.322239948905788e-05,0.5,27535.997842349476],0.8686236952240963
9,DE,5,10000,[1e-31,1e-12,1.0,1e-09,3.393719535083515e-05,0.908080503317479,7714.519716720681],2.2288021750098537
9,DE,6,10000,[1e-31,1.6149914038750383e-05,0.9773083405619615,481.8709099033994,9.322239900885296e-05,0.5,27535.997751629206],0.8686236952240967
9,DE,7,10000,[1e-31,1.6149914121677927e-05,0.9773083400427102,481.8709244335946,9.322239973927464e-05,0.5,27535.998372135175],0.8686236952240968
9,DE,8,10000,[1e-31,1.6149913959242856e-05,0.9773083409025348,481.87091151778696,9.322239947851248e-05,0.5,27535.997757428504],0.8686236952240965
9,DE,9,10000,[1e-31,1.614991398812764e-05,0.9773083409197957,481.87088931528245,9.322239861138143e-05,0.5,27535.996954228765],0.8686236952240967
9,WOA,0,10000,[7.47663190279673e-05,1.7996168290543588e-05,0.9678668821273206,1173.4538823320659,0.00012671574321897888,0.5002077387413566,15582871818.038334],0.9699857352505474
9,WOA,1,10000,[0.001842407756002208,1.902190145578979e-05,0.9626269031917286,1397.276120756337,0.00013086030261372697,0.500025837881634,333969237.7463839],0.9722943533229365
9,WOA,2,10000,[0.00029758187121713093,1.8045103326240997e-05,0.9674571290333428,1145.1970096911914,0.0001260332902100328,0.50000425661923,41104661.19036158],0.9697010951416791
9,WOA,3,10000,[0.00015520410411608816,1.8782615989562432e-05,0.9636290207321135,1317.857070515174,0.00012934464801999833,0.5000089371275623,159561431898.38504],0.9686265572850801
9,WOA,4,10000,[7.308643836279056e-06,1.8440728573601748e-05,0.9654254530827173,1238.4002371432334,0.00012752559063725918,0.5000005263907678,6759374.047622213],0.9677584156404295
9,WOA,5,10000,[4.173529403667862e-06,1.8217884915771606e-05,0.9665682190709664,1182.7610429702472,0.00012640564213463237,0.5000283857300218,44699152201.461395],0.9689701702895746
9,WOA,6,10000,[0.006703770561192373,1.8144625954835594e-05,0.9667458380463797,1132.2032507497859,0.00012508531626487574,0.5001501344714637,36895450.66034393],0.9821410623428073
9,WOA,7,10000,[0.0006044379321503625,1.9348027553388873e-05,0.9605116482042741,1457.2412009666734,0.00013116721305767736,0.500918218988751,984995678.3527561],0.9722350819510148
9,WOA,8,10000,[6.504534506700305e-06,1.858468921396589e-05,0.964618096696901,1302.8827779694107,0.00012821578639742587,0.5002099730370584,796369731.0296916],0.9689451288815543
9,WOA,9,10000,[1.2027316833045577e-05,1.8475079549909884e-05,0.9649445148588081,1242.7591889560622,0.00012783899630187105,0.5005229241394819,8036613062.788443],0.9693526472902029
9,ABC,0,10000,[1e-31,0.00047110320531740967,0.7115701191846476,1e-09,1e-12,0.5,334222947278.69037],16.3921834999854
9,ABC,1,10000,[1e-31,0.0002013933685423657,0.7765735556141928,76703029.78410348,0.1,0.6990783494871521,564279617700.5359],11.29535059578365
9,ABC,2,10000,[1e-31,0.00016901452623013043,0.7635582269320997,179457951.7137053,0.1,1.0,181287697143.33105],9.977318150874368
9,ABC,3,10000,[1e-31,0.00027255609049487936,0.7415364896812461,69939782.79737565,0.1,1.0,496909578052.8388],12.82023142805987
9,ABC,4,10000,[1e-31,0.00011505345873729592,0.7996307232184733,267990640.93353662,0.004144513269720901,1.0,574937887139.8683],8.333744938462097
9,ABC,5,10000,[1e-31,1e-12,0.6,1e-09,0.00011113118386129838,0.8212724761994781,849940267311.7726],8.824140788099577
9,ABC,6,10000,[1e-31,0.00033479786139594975,0.7441735054596732,341322661.1766773,0.06528947634020259,0.5,10],14.688692936412941
9,ABC,7,10000,[1e-31,0.0002808163334195035,0.7295294355317019,1e-09,1e-12,1.0,239559207627.88638],13.040475488848484
9,ABC,8,10000,[1e-31,0.00030640155531591606,0.7274333555177968,74509907.58575699,0.1,0.5398453891095334,478645581667.21564],13.549125714804713
9,ABC,9,10000,[1e-31,0.0003600041275267814,0.6930495969376221,1000000000.0,0.09755154127322385,0.5144373156843705,10],15.76030222197739
9,ICA,0,10000,[3.568828791435551e-07,0.00011091628860390523,0.8040706024718741,37460.33903582309,0.05228291572637838,0.827602577421272,255565848126.75552],7.1328506120065045
9,ICA,1,10000,[1.201830520923e-12,0.0001040210485246892,0.8102562809230432,13448.761173964505,0.039331032304579544,0.8567877196933568,765257087330.1119],6.189605968878721
9,ICA,2,10000,[0.007047741572148032,9.703087866379022e-05,0.8023839773830327,13408.295341208726,0.041897019084847276,0.7527103565222838,487180202430.32965],6.368460683932757
9,ICA,3,10000,[0.012660934541446244,9.285733888777241e-05,0.8065282349910979,13036.674706678616,0.06423649338548292,0.8906635316271003,683406410093.7122],6.172237984573253
9,ICA,4,10000,[3.396382354857356e-14,0.00010663817695491535,0.8067650591692418,580466005.9231862,0.05776981811848369,0.9177446882963703,436591443611.5866],8.272206605744348
9,ICA,5,10000,[0.0010631440940524343,0.00010950234902993008,0.8029783427905139,20434.754973828793,0.040429671656789366,0.906839816642259,76408629029.46692],6.669041389038489
9,ICA,6,10000,[0.005382498418673133,6.768922324374381e-05,0.835757404292818,11353.767411194578,0.02259504656393963,0.8149454787125938,566633996429.0753],4.228546222112411
9,ICA,7,10000,[0.00862945553020137,0.00010648072165046375,0.8074390741816034,90743.46302399039,0.04456964327981731,0.9690192945826221,491960015223.0681],7.757118562053186
9,ICA,8,10000,[1.8225065525706747e-13,0.0001066076264887075,0.8068145092767266,641270934.268789,0.07112440720751073,0.824919018000489,648363384087.3158],8.272218504793411
9,ICA,9,10000,[1.220616316002039e-13,0.00010664853395747169,0.8067290069225942,667225523.0465466,0.050446637250371296,0.9480036489768837,744389263747.394],8.272223602505125
9,BH,0,10000,[0.04867742041500187,8.230502020890874e-05,0.8185260391865298,598498165.0130452,0.09434255174010836,0.677696063428475,434319984482.184],10.26593074459843
9,BH,1,10000,[0.05667139467456485,0.00019189850026990766,0.7884723480481789,241188090.07465413,0.06300260154633743,0.593356575516645,252521720608.80005],12.34531077722338
9,BH,2,10000,[0.002764934043110101,0.00017847895275225215,0.8319936889249558,598096314.9596604,0.016316333452075553,0.6525665887519938,174984103565.55304],14.056746153724012
9,BH,3,10000,[0.02438357311949975,0.00023880344642701436,0.7298437963928157,255293760.77775222,0.030527898584283696,0.8603030699007379,175147920701.67517],13.174245658571195
9,BH,4,10000,[0.00847718664684225,0.00022133135360336007,0.7546956258982928,471831208.0588664,0.028015294502410058,0.6642381458770321,169632907144.60852],11.60702889263104
9,BH,5,10000,[0.05685871749848084,7.703949485317382e-05,0.8187522849443072,229318052.7398011,0.04613782244609037,0.7274546552412704,429805690535.5635],11.406439487303452
9,BH,6,10000,[0.0411579930261333,0.00018521710256813955,0.8487958304216879,50594693.50743573,0.0732828539353037,0.5807436087154555,817552964351.5096],16.151701191514693
9,BH,7,10000,[0.016535839658979357,0.00026344860708704253,0.7314748424234224,801465245.6340603,0.07491216610390512,0.9879303085229681,960702557648.0911],13.067922232130076
9,BH,8,10000,[0.05285362169173278,0.00028884236248104977,0.7077347827090592,733269672.8400068,0.05586265564582337,0.5342992577439545,364333557183.93933],16.311149485535122
9,BH,9,10000,[0.08127224260152377,0.0001352674410489782,0.8755543330848157,537238433.8200473,0.0911810841670529,0.524288781464415,996510190517.3134],15.903079315909796
