ECM-Num,GOA-Name,Repeat-Time,Iteration,Fitted-Parameters-List,Chi-Square
2,GSO,0,10000,[0.006109351593679425,0.5157360989492602,0.45672841736913217,5452969.6022433685,0.002108918549083503,0.8489594998573099,1324.672073405872],0.026037925525495817
2,GSO,1,10000,[0.009508975758416022,0.0022527210203505264,0.8260902664959529,1559.7968326621167,0.48906392607181653,0.9995068720871564,2422.5019610533836],0.10506590072802141
2,GSO,2,10000,[0.006775275306246512,0.15079977004126568,0.5490324449980205,1657753.4915464984,0.0021065143650575583,0.8570186320334853,1257.342484026245],0.020599276186955888
2,GSO,3,10000,[0.009510866679993986,0.0022501404776984115,0.8261837572662468,1565.9001801949134,0.7344598021547416,0.9999706400989262,29408.316058448534],0.1052282496695902
2,GSO,4,10000,[0.007599275443129409,0.021692799801354593,0.6781383129555439,1808421.8416433227,0.0022623822309355817,0.8823567665527132,995.1049028949051],0.018084682638704372
2,GSO,5,10000,[0.009504147659528523,0.2571493780849193,0.9908572358921341,4236073.010406743,0.002259849822507594,0.8258510831360036,1543.8470777815571],0.10469162441793788
2,GSO,6,10000,[0.009511211049897664,0.5676996520539129,0.9305869185578466,1689430.940064186,0.0022529212965506306,0.8261447859835263,1564.3472170269297],0.1053900820600055
2,GSO,7,10000,[0.007155800820717306,0.0646733716929456,0.6079234873422834,4302263.032891809,0.002131654052590953,0.8652223297709879,1182.3493152447463],0.01847343122083017
2,GSO,8,10000,[0.006989717862081473,0.09328530759125526,0.5827365835828682,4809677.548855929,0.0021162532210195935,0.8613513789456936,1219.103800687443],0.019212102965004106
2,GSO,9,10000,[0.006618564431847886,0.214357537773918,0.523731289357776,5971488.348972392,0.002104637136140626,0.8542773155669303,1280.3929567261303],0.02189603447495346
2,GWO,0,10000,[0.006956515669976381,0.24840871599648615,0.5272614970280801,0.08072920418625353,0.002100225174888453,0.8460792819496298,1339.9915881479951],0.01842614257476435
2,GWO,1,10000,[0.00793963554443971,0.008668469699059744,0.7318398789403419,737691.3476701459,0.002649039616465658,0.9131055982984525,663.4778349718603],0.020133611564167143
2,GWO,2,10000,[0.008389696085620983,0.002435877708641387,0.8195010494544513,6178168.169870066,1.0,0.522052718642596,77313.3059148033],0.35121054305252075
2,GWO,3,10000,[0.00011833253083567666,1.0,0.3505539228731214,4997332.891513034,0.002041919290778202,0.8573352293604309,1247.6585849132196],0.09852423902002354
2,GWO,4,10000,[0.008470862295079826,0.0024387618584897058,0.8193780691583057,2345148.880482514,0.8274090268649327,0.5424556325868414,55050.22872826762],0.3514608940284434
2,GWO,5,10000,[0.009006293130704446,0.002464038870131817,0.814622574363316,3314748.932699669,0.6532331353145647,0.8172472725129941,42128.57343898882],0.35237385253926445
2,GWO,6,10000,[0.009235216444698402,0.0062721622894442485,0.8514501677274117,0.04077400864188562,0.0020810746938674505,0.8483659843378665,1315.6728857818143],0.005490695578032536
2,GWO,7,10000,[0.006619292304165125,0.0021043375343700495,0.8541592549871314,1281.642429244581,0.21731671140857878,0.5228655073285232,164.8335139257421],0.021955207916162865
2,GWO,8,10000,[0.0067093837860361105,0.1774010063099203,0.5375477563387805,3627782.1889241803,0.0021051761406799814,0.8556817796726657,1269.474047076589],0.021169731823922663
2,GWO,9,10000,[0.006657271974387158,0.002104534497646259,0.8550011641887766,1274.6582584522623,0.1953035979417991,0.5304470348395159,3931.01816682583],0.02153154732116593
2,WOA,0,10000,[0.00793218497452395,0.01039067245720175,0.7225216123020639,5719.978696882648,0.0025326026178706766,0.9040187683138389,757.8916621171797],0.01978614927638113
2,WOA,1,10000,[0.00765029402456636,0.018805142142194094,0.6867133586541719,3938155.2504851082,0.0022965812657996906,0.8856920544274062,957.7840958072499],0.018238778104243944
2,WOA,2,10000,[0.007885356167679495,0.0168563876549545,0.6944568589254788,81732.95063365369,0.0023330754809624756,0.8870312242050009,927.3014317496362],0.018787146866083317
2,WOA,3,10000,[0.006914326513389974,0.09163811120288784,0.580643244345513,97163.39276761991,0.0021039769584669517,0.863312875076391,1178.7449511621578],0.019775884691951844
2,WOA,4,10000,[0.007481323339745132,0.053914497702094076,0.6194056725453811,3794042.548205818,0.002086588844273521,0.8710654593045317,1107.884495188065],0.022975330824628923
2,WOA,5,10000,[0.00781543690457234,0.08506749617503434,0.6037584731089103,617982.3829863834,0.0021336011002213496,0.8588978486609671,1202.5613420566835],0.025086940645736616
2,WOA,6,10000,[0.007545789135512669,0.024548077303020818,0.6704492527900003,1162389.9168341113,0.0022364602250840456,0.8798920127442058,1022.4438723720872],0.017990648978125797
2,WOA,7,10000,[0.007436946323548301,0.002182993953478418,0.8753505348965515,1133.5135017065745,0.032438776510743075,0.6528211504898347,119.6264842140035],0.018087893085506592
2,WOA,8,10000,[0.007673999106006011,0.01642733373202644,0.6944634921880768,7352296.000199332,0.002333882843417828,0.8894786441505337,915.2926806982746],0.018435548706362534
2,WOA,9,10000,[0.007088959967509026,0.07867167022489535,0.5950019258928109,185490.10271954443,0.002123328805390771,0.8628816088900474,1205.935217171002],0.01883128388385038
2,DE,0,10000,[0.007441919984114651,0.03208204779361237,0.6537343944553796,9999999.99257399,0.002194133733808906,0.8749768493246805,1079.8510185856342],0.017905922129157717
2,DE,1,10000,[0.007441919979203757,0.03208204660263112,0.653734396448651,9999999.992786806,0.002194133738358041,0.8749768500696168,1079.8510104085856],0.017905922129157745
2,DE,2,10000,[0.009299469909429333,0.0022310396550186563,0.8279144789777704,1554.2885866230813,0.0047586417336876975,1.0,0.001],0.08967108440565981
2,DE,3,10000,[0.0092994699026873,0.0022310396598800293,0.8279144786404352,1554.2885852398456,0.00475864175269346,1.0,0.001],0.08967108440565985
2,DE,4,10000,[0.0074419199645889686,0.032082048964904956,0.6537343917968379,9999999.99362243,0.0021941337286752395,0.8749768489060349,1079.8510210906015],0.017905922129157738
2,DE,5,10000,[0.007441919975152781,0.03208204666074561,0.6537343960546087,10000000.0,0.002194133734803113,0.8749768504056958,1079.8510062552182],0.017905922129157686
2,DE,6,10000,[0.007441919977842736,0.03208204738564864,0.65373439493855,9999999.993594348,0.0021941337343775163,0.8749768498231353,1079.8510122905507],0.017905922129157693
2,DE,7,10000,[0.009299469912919722,0.0022310396585380698,0.8279144787322823,1554.288583053364,0.004758641785715235,0.9999999999999996,0.001],0.08967108440565985
2,DE,8,10000,[0.007441919960680827,0.03208204773905976,0.6537343938444121,10000000.0,0.0021941337306037555,0.8749768498135464,1079.8510147419177],0.017905922129157748
2,DE,9,10000,[0.007441919980897849,0.032082046183310876,0.6537343969621445,9999999.99977853,0.002194133737599457,0.8749768506562605,1079.8510097458047],0.017905922129157714
2,ABC,0,10000,[0.006155777938615385,0.03716360942962159,0.6266571016640115,10000000.0,0.0023248704690046265,0.874918475656937,1204.391948061033],0.08461639654838178
2,ABC,1,10000,[0.008634040865339088,0.003958925265766562,0.8576096517990355,1852.2343308647614,0.006309295341755835,0.7731629231585525,685.5476434480456],0.1732717132110693
2,ABC,2,10000,[0.0077267351778290225,0.004351576598186531,0.7705273140527008,4502007.189695245,0.004747450890736788,0.9290933263204044,254.060948350957],0.13021869716762305
2,ABC,3,10000,[0.007738097993292887,0.009868184369200355,0.7268743831527449,10000000.0,0.0029021732698262808,0.8839434321349174,643.7728122649169],0.08782744516938176
2,ABC,4,10000,[0.005464518595567871,0.2845744647481441,0.4873978620223239,3414972.3770858254,0.002084754651009834,0.8544392249220266,1365.0713855446875],0.03322180052239422
2,ABC,5,10000,[0.00762170697776594,0.011892891886002047,0.7140710177746153,1425554.6967176085,0.002894501322106955,0.8753829274588094,1102.9933366674009],0.11992878754797896
2,ABC,6,10000,[0.008758468949384453,0.021087889421850126,0.7163558292651289,1174768.5313459677,0.0022419797527900107,0.8631301022921931,1221.2885503275907],0.08626419282226036
2,ABC,7,10000,[0.006196310542585928,0.22184043146226182,0.524317887272495,3464313.493652098,0.0021593792668406007,0.8492889866482145,2222.7123595398953],0.09267185820853141
2,ABC,8,10000,[0.007871797454617215,0.00661883947802643,0.7506339434248692,102803.0796808931,0.0035442413770397857,0.8911343897074225,659.2404695038979],0.1021250594497119
2,ABC,9,10000,[0.008295959767827876,0.006309576568795449,0.7519439028346757,1335336.9386302321,0.0032879391344533384,0.9182046176067634,612.9444403271127],0.04995814855309976
