ECM-Num,GOA-Name,Repeat-Time,Iteration,Fitted-Parameters-List,Chi-Square
2,GSO,0,10000,[0.07306418458870395,0.18180302223694755,0.30009152280411194,2188366.853535516,0.02139629921555335,0.9994212318203445,30.172770968337137],5.676432912009171
2,GSO,1,10000,[0.09004349404160374,0.18716684279788667,0.30022088623997095,7041802.308735858,0.021035506259787964,0.999646084408329,30.226838442310267],5.744838848379438
2,GSO,2,10000,[0.08671827057152645,0.1860946022858785,0.3001195996607558,2876673.328858104,0.021105990148422463,0.9993515417723319,30.22689928121827],5.728291250296036
2,GSO,3,10000,[0.0926847985756226,0.18882015731872034,0.300024646769224,3865245.6215948416,0.0209590923322693,0.9995219216738385,30.256954743804855],5.757162205936832
2,GSO,4,10000,[0.0729469054717906,0.18185934378611873,0.30001853630056313,8881815.16252575,0.021407653467079377,0.9986317246230484,30.147250860348784],5.677909626165254
2,GSO,5,10000,[0.08999158057006666,0.1874829425253284,0.30003537893148885,4952778.813295204,0.021038854834443402,0.9995691532745173,30.239799291376116],5.742669145467256
2,GSO,6,10000,[0.08180377416736136,0.1844647998962758,0.30005499307366024,8638647.044988254,0.021199478351159543,0.9996155690409582,30.177954708284844],5.705123985607622
2,GSO,7,10000,[0.08620555182234563,0.18586214900347317,0.30029879447517005,8482349.396866662,0.02111620535898912,0.9996519326216613,30.193586104324087],5.727073506390196
2,GSO,8,10000,[0.09999764319447153,0.15845170769141093,0.8599480197357396,7469144.77689285,0.060372875585771715,0.5000006615243595,71815.83651940209],10.255419844946084
2,GSO,9,10000,[0.0934473202400766,0.18718522044366745,0.3005212348449607,7564530.314338656,0.021043447170256212,0.9995682383389763,30.312120027641722],5.766972239607974
2,GWO,0,10000,[0.05241724012904131,0.17491272479304287,0.3,76475.86288647172,0.02177651762734818,1.0,29.918638155923656],5.643583304531173
2,GWO,1,10000,[0.05241218183519999,0.17491529175841894,0.3,7233695.448992419,0.021777174360298555,1.0,29.919172213760366],5.643629359703143
2,GWO,2,10000,[0.052411259691279,0.17491110424188305,0.3,493331.65980956564,0.021777746761269923,1.0,29.91992625225711],5.643622636198219
2,GWO,3,10000,[0.05240407686097719,0.17491192331253255,0.3,3596087.943243154,0.021777679391238213,1.0,29.918820853409134],5.643628867600267
2,GWO,4,10000,[0.05241432533429271,0.1749108905252336,0.3,387263.7339244972,0.021777248572081298,1.0,29.918477883987705],5.643620658548617
2,GWO,5,10000,[0.003595772436969484,2.648000020560664e-05,0.9295219119319328,0.7808041011729935,0.017798937464358466,0.8877978308389549,39.86477410339328],0.033812299772811784
2,GWO,6,10000,[0.052423627405278866,0.17491583928887403,0.3,4316409.586718277,0.021776671265103045,1.0,29.91902647348934],5.643629032124012
2,GWO,7,10000,[0.052412556393932185,0.17491516684551253,0.3,866033.7331459565,0.02177673151799193,1.0,29.918402350261243],5.643625743410165
2,GWO,8,10000,[0.0524078996096102,0.17491022039841483,0.3,545807.4011964008,0.021777185141144725,1.0,29.92034220540684],5.643623333242196
2,GWO,9,10000,[0.05241082056762287,0.17491341474075017,0.3,2131005.360700201,0.02177823829139916,1.0,29.91830539606826],5.643628187139537
2,WOA,0,10000,[0.01685713735887116,0.16501720903011038,0.3011772295790147,7388203.593062143,0.021153527984804472,0.9993647368017778,32.622399929167464],5.792669595602509
2,WOA,1,10000,[0.05345430139955804,0.17410044461515403,0.3001320896035483,412092.1290854464,0.022822703799189024,0.9999908910634857,30.2782456912488],5.654103390866758
2,WOA,2,10000,[0.04578559968213316,0.1761609417014345,0.3004273870498137,4331274.587484815,0.02196406686362287,0.9991008954462097,31.617601812821253],5.669340041865646
2,WOA,3,10000,[0.057051103003439824,0.1741431604053883,0.30033661521405414,9210.674312750552,0.02167230533325874,0.9992661955235599,28.275795977629354],5.6608737611290545
2,WOA,4,10000,[0.04731107091406417,0.17326974757955,0.30006152293660976,6335545.412526614,0.024384722431672782,0.9935961702936573,31.555891320622354],5.7075135841299085
2,WOA,5,10000,[0.07570774504765321,0.18147306812092673,0.3022714581384356,1922862.953633823,0.020744311037687223,0.9976467528279814,28.18041207960802],5.735696797760363
2,WOA,6,10000,[0.05675018282051849,0.176004761770212,0.3001904186690621,724060.3938995607,0.021522446113593618,0.9999888087746506,30.02130620744969],5.648470375469831
2,WOA,7,10000,[0.05705823260775007,0.17598877136373736,0.30094052114453385,29229.347227510927,0.023119184844926338,0.9972803246487706,32.25812195517454],5.69387281157552
2,WOA,8,10000,[0.064004988700186,0.17816479572484867,0.30071960924938784,527400.6043464036,0.021069835594998493,0.9979612937063648,29.785435848164706],5.675316009939153
2,WOA,9,10000,[0.035179541651381555,0.1632647573027028,0.30039512891327336,326016.00576299406,0.022106723477964527,0.9988118346236473,29.58562412778486],5.697961144409657
2,DE,0,10000,[0.008821199090431258,2.3604760317973497e-05,0.9400439401990186,0.7739359315524724,0.017816304579467215,0.8873130091690511,39.889456447255924],0.03316094297428365
2,DE,1,10000,[1.0000000000000397e-18,0.07984424477251421,0.3,1.6200533480212544,0.01582953494247699,0.9798417316685681,34.72860033761021],3.6011526286018984
2,DE,2,10000,[0.008821198892390192,2.3604760265476892e-05,0.9400439401105694,0.773935931250829,0.017816304577277797,0.8873130092966517,39.88945641368056],0.033160942974283646
2,DE,3,10000,[1e-18,3.715266009628671e-05,0.9017219507542539,0.8260433334480379,0.013567395383461973,1.0,32.858185976672466],0.34965918789094835
2,DE,4,10000,[0.008821199044934086,2.3604760154125334e-05,0.940043940527116,0.7739359305111424,0.017816304565960055,0.8873130092673055,39.88945650285776],0.033160942974283666
2,DE,5,10000,[8.95312847151298e-17,3.7152660184681085e-05,0.9017219504716845,0.826043333452218,0.013567395388848788,1.0,32.858185990982626],0.34965918789094835
2,DE,6,10000,[1e-18,2.809498628034796e-05,0.9238672626575692,0.7850246487529842,0.017790313692171576,0.8880271593185848,39.84168111690672],0.03496392194942707
2,DE,7,10000,[0.008821199203712419,2.3604760192970523e-05,0.9400439405074543,0.7739359305097981,0.01781630457671738,0.8873130092307324,39.88945641902995],0.033160942974283666
2,DE,8,10000,[1.1096369417791652e-17,0.07984424481271556,0.3,1.6200533431315387,0.015829534885775338,0.9798417318127901,34.728599902088035],3.601152628601899
2,DE,9,10000,[1e-18,3.71526596325727e-05,0.9017219516666831,0.8260433336818412,0.013567395410815935,1.0,32.85818599009693],0.34965918789094835
2,ABC,0,10000,[0.041680103830574966,0.15634447898798354,0.3,12.164783614948883,0.021265755490412118,1.0,30.270311017381296],5.348092428783118
2,ABC,1,10000,[1e-18,0.13416407734981345,0.3,4.888450976930471,0.019661550241423933,1.0,33.52580242026832],4.836796042079042
2,ABC,2,10000,[0.04371945783240028,0.1623018410770803,0.3,12.759265216878362,0.020228110287452687,1.0,31.16979534640066],5.3579701384998835
2,ABC,3,10000,[0.01821178074624728,0.11720840955753384,0.3,4.038063247633618,0.01890431143684274,1.0,33.085222466040825],4.602350227971844
2,ABC,4,10000,[0.046030995606902644,0.1644037897861057,0.3,11.67321751195891,0.01966365716896969,1.0,32.13008362809217],5.344101530930338
2,ABC,5,10000,[0.051091882611030835,0.16887726160656136,0.3,11.663590988394674,0.01935935327056369,1.0,30.78668202113455],5.37595678423572
2,ABC,6,10000,[0.04305648017572579,0.1527014233822288,0.3,12.052441263763285,0.019885518445303244,1.0,30.529659464734586],5.34270712882611
2,ABC,7,10000,[0.05403540428031343,0.1559277965839097,0.3,7.967009588707924,0.019873641241784507,1.0,32.668511065397],5.213896555991352
2,ABC,8,10000,[0.03579955850094976,0.14523160713220126,0.3,8.367290044972293,0.021180485757868923,1.0,31.14561696675684],5.203889283799625
2,ABC,9,10000,[0.042642679179521185,0.1634507186698155,0.3,36.43375866673506,0.02337406134491966,1.0,30.454166747151728],5.57494070339928
