ECM-Num,GOA-Name,Repeat-Time,Iteration,Fitted-Parameters-List,Chi-Square
2,GSO,0,10000,[2.730198044124656e-05,0.05662362176477278,0.35823024338705467,2881711.259340928,0.9450207468177108,0.5008826358526532,0.31363114705942247],5.007051361822153
2,GSO,1,10000,[8.58766097990262e-06,0.0558376224858669,0.3596249376018735,2288230.1910551954,0.9786044642768341,0.5010332057495392,0.12374174096129914],4.993737569969875
2,GSO,2,10000,[0.00030661475515118407,0.04153711256070012,0.37922066202920063,30.249861913974577,0.9012738304635913,0.5098071713103376,37167.69456352851],3.95842844410014
2,GSO,3,10000,[8.046337236919051e-06,0.056276857660997937,0.3586123190931876,8186567.270282685,0.9731185573318472,0.5012690800432485,0.15612341965150353],4.995315718601189
2,GSO,4,10000,[8.645404513024115e-06,0.057835526911036376,0.35651404935590875,4662724.081374743,0.9996023687552414,0.5000515291958676,3.627168700290322],5.124651588010641
2,GSO,5,10000,[3.3397603366761245e-06,0.05786960027776229,0.356817030823811,4887183.195377669,0.9998982704986143,0.5001992634764243,149.90579792767494],5.162367822705995
2,GSO,6,10000,[4.065643669793712e-08,0.056377938834972594,0.357586225496529,4347182.97140727,0.9999998944678767,0.9999948276282462,60915.65947136665],5.2415578642081675
2,GSO,7,10000,[5.6843127387143395e-06,0.055907152358844414,0.3595173531146343,2357620.7897323514,0.9401715038733207,0.5044608166698944,0.1471368585752702],4.992479183995287
2,GSO,8,10000,[0.05770381722057696,0.2434429738013885,0.4663252898238596,5177804.3510451885,0.005666967216473592,0.5671958423379188,6.0376531615530595],3.163945416381496
2,GSO,9,10000,[1.2685206878444834e-05,0.05641691496067722,0.3589908092959718,5308690.006036846,0.9329412352927597,0.5011933583714406,0.3886585835535962],5.012462257352103
2,GWO,0,10000,[1.8744025524275102e-18,0.0763390473617007,0.43213105090413,8630117.397159306,0.0010850917524368219,0.7103936081296709,2.4992731615943753],0.4761297894500325
2,GWO,1,10000,[5.197264976894891e-07,0.07635461894817919,0.43217750983086384,4915182.425341227,0.0010877714308219248,0.7101576747284888,2.5008684538277617],0.476133841609911
2,GWO,2,10000,[1.2949426413712143e-05,0.048267879326890306,0.5111431061759132,27.215414587166368,0.0010740709453092379,0.6984986752055998,2.433184187431277],0.25838696338821804
2,GWO,3,10000,[5.0409170057845496e-05,0.07633108146493656,0.4320679330251484,6671057.621949299,0.0010820923742834217,0.7106691484008296,2.497351221911474],0.47656791342553173
2,GWO,4,10000,[5.31678242111452e-06,0.04826141529674416,0.5111944110515013,27.20892732733726,0.001074753005738338,0.6984342632455268,2.4336150772210523],0.25834619017190696
2,GWO,5,10000,[1.373267253752553e-18,0.07634308783143506,0.43213545053140523,6781224.441121121,0.0010856611425671635,0.7103466848688607,2.4995329890083613],0.476129423237884
2,GWO,6,10000,[2.750733516033033e-07,0.07636627747234277,0.4322447066337343,379814.6856974287,0.001089811696615103,0.7099795555151075,2.5023447377614354],0.4761068610239486
2,GWO,7,10000,[8.646970705497755e-06,0.07631602615653556,0.43205735882629837,102459.01248541822,0.001082313406990742,0.7106461716767548,2.497062841807531],0.4761017641093661
2,GWO,8,10000,[1.07013672874411e-18,0.07632919601935026,0.43217918985406584,34822.97826673842,0.001087124303581563,0.7102129195031237,2.5001828013500362],0.4758223928888779
2,GWO,9,10000,[2.7136925015621404e-06,0.07632967215615204,0.4320433781662632,5768852.021805421,0.0010829525071846485,0.7105945948865151,2.497509804698319],0.4761531983021701
2,WOA,0,10000,[5.827688407025014e-05,0.05766264515089041,0.35709849992608556,54792.876322964476,0.9991842944118267,0.5001277950476741,27.927955382493597],5.158524333153766
2,WOA,1,10000,[0.0001294513795840047,0.058328125787665934,0.3558534120153637,1002843.3993367646,0.8109871177461618,0.5002690464232568,5.341923593789745],5.14795408381594
2,WOA,2,10000,[6.150584362085045e-06,0.0010633501399559982,0.6994285297615788,2.4249662254573616,0.04819458264945181,0.5107673482192703,27.17902504200743],0.25835919053291195
2,WOA,3,10000,[2.4386861132613672e-06,0.07623238324340219,0.4321130434938262,14777.985701225103,0.0010809675636893237,0.7107838544821221,2.495125936143042],0.47542646560095236
2,WOA,4,10000,[3.946907415808505e-08,0.07622611665998782,0.4314602236343967,65514.853541242584,0.001062003855824356,0.7125165885604422,2.483790650024172],0.4760153363811378
2,WOA,5,10000,[6.796165598476968e-06,0.0010919354797724503,0.6969743599776159,2.445140457571403,0.048341650494308774,0.5117740338180251,27.245400774862905],0.2583935410710591
2,WOA,6,10000,[3.052481348321528e-05,0.0015994993099789517,0.6616852812277876,3.151258247314959,0.07682347735641154,0.5000125462757655,674.2487531656243],0.567875467461869
2,WOA,7,10000,[0.00012220523516777464,0.07608213661587514,0.43218155966076094,5758.160076933209,0.0010695284004567395,0.7117311965164971,2.4894162831798847],0.4753410092575208
2,WOA,8,10000,[9.766421728785102e-05,0.0022234943709770255,0.6395822419122151,3.340305669372765,0.06771654790541633,0.526280100624178,41.50512026572727],0.468008602433148
2,WOA,9,10000,[8.223992196847266e-07,0.0010812569200752682,0.6977826375950703,2.4411369287360487,0.048269782524971216,0.5118981585329279,27.159231034484336],0.25833094794947675
2,DE,0,10000,[1e-18,0.013681171849180308,0.47552826128173636,11.178935685756146,0.015589994670593953,1.0,0.001],2.960399992164379
2,DE,1,10000,[1e-18,0.013681171732921719,0.4755282620126048,11.178935578081113,0.01559000018813128,1.0,0.001],2.960399992164378
2,DE,2,10000,[1e-18,0.013681171712508227,0.4755282619993153,11.178935528183834,0.015589997066720615,1.0,0.001],2.960399992164378
2,DE,3,10000,[4.577393380864589e-18,0.013681171925270267,0.4755282606668997,11.17893564100998,0.015589998234954846,0.9999999999999947,0.001],2.960399992164378
2,DE,4,10000,[2.821691531574349e-18,0.04825638265644765,0.5110400694778088,27.212954611244324,0.0010724210757966303,0.6986485402521792,2.4316722207650407],0.2583170956700042
2,DE,5,10000,[1.0000000641606991e-18,0.013681172001790498,0.47552826009323523,11.17893564808922,0.015589997930822467,1.0,0.001],2.960399992164378
2,DE,6,10000,[1e-18,0.042113210630688666,0.4256518076855553,28.11250057405191,5.542605046937728e-05,1.0,1.061312685357726],0.6549398338119333
2,DE,7,10000,[2.2468836470831184e-18,0.013681171882831505,0.47552826099978146,11.17893557050045,0.015590000017792642,0.9999999999999999,0.001],2.960399992164379
2,DE,8,10000,[1.2553617999731925e-18,0.01368117166751071,0.4755282623376919,11.178935537139965,0.01558999980719045,1.0,0.001],2.960399992164378
2,DE,9,10000,[1e-18,0.013681171902540477,0.4755282610068817,11.178935645986593,0.015589997134357427,1.0,0.001],2.960399992164378
2,ABC,0,10000,[1e-18,0.08769607627039035,0.45942377466528994,214.8065896155951,0.0076960406634587345,0.5310237255550032,4.129582636035531],1.1404617358227713
2,ABC,1,10000,[1e-18,0.07220921556838086,0.4114352223320261,1881060.7426955425,0.0009028611152246704,0.7291897119440139,1.8746340353566564],0.6205332744453042
2,ABC,2,10000,[1e-18,0.08645806945893414,0.4277145919888294,1837761.239526162,0.00422654316938258,0.6024816554947272,3.5120508526616168],0.8626278327690394
2,ABC,3,10000,[1e-18,0.08625408419476506,0.42873857054398684,400.74757496636335,0.007627234605489489,0.550459584862079,3.8067339461374297],1.1925466822601627
2,ABC,4,10000,[1e-18,0.1174009653148977,0.3736496038626097,10000000.0,0.001623135444099279,0.6839660027598485,3.1803337164452024],1.1388751817036087
2,ABC,5,10000,[1e-18,0.07001823553610562,0.4103268060766529,472109.61466559075,0.003702867180342608,0.6259872699472988,2.177482807439269],1.0461587721092165
2,ABC,6,10000,[1e-18,0.07858528750991924,0.4526235213571003,374.6587372140957,0.0038499319684165197,0.598078299890929,3.1955317280778175],0.709418218071022
2,ABC,7,10000,[1e-18,0.0916304031465079,0.5236817343106202,283063.98374019365,0.003930653846852941,0.5793443951736169,4.484633919194158],0.8256061395971299
2,ABC,8,10000,[1e-18,0.0769185055476594,0.5246729633539118,65.91578063607248,0.008227909404573111,0.5232279453167485,4.615522617616485],1.1384343220334459
2,ABC,9,10000,[1e-18,0.08387397499943637,0.406542286990497,126592.40715944272,0.003432745299831244,0.6216067895479173,2.7437535950528513],0.8217649497006445
