ECM-Num,GOA-Name,Repeat-Time,Iteration,Fitted-Parameters-List,Chi-Square
9,DE,0,10000,[0.04079775160556826,0.0001956220276794742,0.7779248240181302,66938.3069020139,0.00018076400585456396,0.9999999999967629,10.0],1.1498862789030566
9,DE,1,10000,[0.04079773436499463,1e-12,0.777932775499112,1e-09,0.00019562206058705534,0.7779248041530455,66948.70978387262],1.1498863875061676
9,DE,2,10000,[0.04079773267376762,0.00019562206213099754,0.7779248035631988,66938.70932685786,1e-12,0.7451339813283024,10.0],1.1498863875061678
9,DE,3,10000,[0.040797734077777696,0.0001956220625675595,0.7779248033635807,66938.71393907873,1e-12,0.7452105080689017,10.0],1.1498863875061676
9,DE,4,10000,[0.040797751360783986,0.00019562202770011865,0.777924824199393,66938.31023669882,0.0001807611215052055,0.9999999999457471,10.0],1.1498862789030562
9,DE,5,10000,[0.04079773423015494,1e-12,0.7779290501308281,1e-09,0.00019562206111704456,0.7779248035729046,66948.71424715394],1.1498863875061673
9,DE,6,10000,[0.0407977341484599,1e-12,0.7779311588283291,1e-09,0.00019562206107787144,0.777924803616083,66948.71145876286],1.1498863875061673
9,DE,7,10000,[0.040797750699920296,0.0001956220278506952,0.7779248240942745,66938.3099950978,0.00018076031642559216,1.0,10.0],1.149886278903056
9,DE,8,10000,[0.04079775102865389,0.00019562202759003484,0.77792482425652,66938.30655616893,0.00018076649915395567,1.0,10.0],1.1498862789030564
9,DE,9,10000,[0.040797749265761116,0.00019562202851198924,0.7779248235568329,66938.31131203049,0.0001807648820571371,1.0,10.0],1.1498862789030564
9,WOA,0,10000,[0.04138564092160435,0.00019654204778242815,0.7773046803625852,70314.90421783761,0.0009268870069959016,0.7151661167712052,48771860521.84133],1.151546318976591
9,WOA,1,10000,[0.04014499353833914,0.00019561735838127315,0.7779246040685226,69300.77461920987,0.04371833774701993,0.7591326977614306,10580453522.014042],1.1499624794469294
9,WOA,2,10000,[0.0421812762037156,0.00020157178059004583,0.7741388373777185,224643.35063501072,0.004731677054415841,0.5216899349754387,143982100180.55295],1.1613996035853467
9,WOA,3,10000,[0.03829383561000104,0.00020017077191367561,0.7748117323819428,905765.1193299384,1.927505320777976e-05,0.7473620794029823,906437648.9554085],1.1667147579738582
9,WOA,4,10000,[0.036583151526777415,0.0002001687567296699,0.7747866143137347,1591344.8876994813,0.0013844520176308514,0.7265523951652487,1645709224.0631926],1.1674142208544815
9,WOA,5,10000,[0.040965518172484235,0.00019560035825524696,0.7779471802393784,67046.64103172801,0.05958525189410921,0.7044214123330941,406785569494.17303],1.1499125315548429
9,WOA,6,10000,[0.038833641339501845,0.0001989624551292917,0.7756024045907515,229801.9557119779,4.0768212065325376e-05,0.6635345833128131,245042452.03772363],1.162775932263608
9,WOA,7,10000,[0.037494476861527945,0.00020025009443037776,0.7746944885449623,1059124.7594600252,0.010803282817330288,0.8845714173376497,617268741.8394433],1.166586928726805
9,WOA,8,10000,[0.038442636336480686,0.00019970702438274775,0.775853791396899,83725.17672388985,0.002196727849954753,0.740223246438524,12861327468.52638],1.1533034720931798
9,WOA,9,10000,[0.03678519444399395,0.00020019018633565716,0.7746500130959886,1211845.5970648006,2.089985769347344e-05,0.7544971577936543,15635532107.602621],1.167169912071024
9,ABC,0,10000,[0.03620919685503199,0.0002545035752255494,0.7604314502572918,1000000000.0,0.1,0.5,718306060176.8419],1.7755455510275486
9,ABC,1,10000,[0.012763808854445655,0.00023022469882563734,0.7540127916872919,1000000000.0,0.1,0.5003595342808752,786819608381.2605],1.3090034961671666
9,ABC,2,10000,[1e-31,0.00033765152719625763,0.7222132954046843,1000000000.0,1e-12,0.5,1000000000000.0],2.5674237650045986
9,ABC,3,10000,[1e-31,0.0002825801868794192,0.7313307525366936,1000000000.0,0.1,0.5925225380668167,829067794863.578],1.814914050585739
9,ABC,4,10000,[0.07973409455859094,0.0004195909431505834,0.6954279506654977,1e-09,1e-12,0.5,1000000000000.0],4.00642244752844
9,ABC,5,10000,[1e-31,0.0002832061652515705,0.7337277888614965,239541382.00612402,1e-12,0.9624547519551665,1000000000000.0],1.8079059770535868
9,ABC,6,10000,[0.011204084018734108,0.00023408048215313448,0.7567221358288431,1000000000.0,1e-12,0.5,1000000000000.0],1.3202135968179745
9,ABC,7,10000,[1e-31,0.0003207831890737745,0.7234359126419992,1000000000.0,0.1,0.5,385928831187.66693],2.2840163410008065
9,ABC,8,10000,[1e-31,0.00044718940166092735,0.6898843377471922,1000000000.0,0.1,0.5,774247071843.5886],3.887260350685648
9,ABC,9,10000,[0.08339641655618983,0.0001526057598132955,0.8259806236487711,138635033.58823717,0.050491325706321435,1.0,399299338436.1871],2.0824768340187676
9,ICA,0,10000,[0.03855164256069812,0.0001983332143041554,0.7757657570909442,74102.38841557571,0.09998567451060376,0.5000000000035872,490128817297.66064],1.1512014926909022
9,ICA,1,10000,[0.037608632532889354,0.00020050943081437457,0.7745325823950385,426138739.5615992,0.05166536776809067,0.667250048823791,355640894815.4762],1.168893483847144
9,ICA,2,10000,[0.03820864652908651,0.00019879200913390925,0.7754132276275012,75447.76771556897,0.05205422128117365,0.7833386981785834,489421934324.15314],1.1516761829097755
9,ICA,3,10000,[0.03758480318580396,0.0002005647311182322,0.7744890329939833,719077853.8614448,0.06780826649706825,0.7428388682421234,437023465721.8402],1.1688963186770085
9,ICA,4,10000,[0.04806660039352166,0.0001997176840807225,0.7754627802861156,813556856.4662294,0.06251445818115087,0.6173092756364178,468222980787.93384],1.1728102216178347
9,ICA,5,10000,[0.06607357220205796,0.000228876532836567,0.7605489638535079,114108943.54591608,0.03024123481978083,0.6948436002535325,831092815789.8845],1.3438308032754094
9,ICA,6,10000,[0.03738215381470105,0.00019872932132832945,0.7754423255136845,75311.46430921966,0.04791237026345075,0.9225076819644668,419395939379.8923],1.1516679350139767
9,ICA,7,10000,[0.08909677022975619,0.00012086865107488755,0.8976501744501366,152388403.24509007,0.05726858761437581,0.6218918451409755,837062127960.4938],6.029698771098847
9,ICA,8,10000,[0.09634144114127494,0.00015887003987285865,0.8216454167198407,809881433.5060492,0.041699498254827175,0.6105422412895898,238681949622.85202],1.9570006465683958
9,ICA,9,10000,[0.0375466814531621,0.0001977474208561143,0.7761993905608222,72567.65326190034,0.03185328870762574,0.7799343102755075,569577694104.1117],1.1508497244351503
9,BH,0,10000,[0.017453579579756497,0.00022924653065492436,0.7699340705458818,801492836.0378618,0.04619764455237108,0.625588040217811,848186600960.3834],1.4914141316577494
9,BH,1,10000,[0.03894255739548953,0.00029013329649851127,0.7457495785085193,977687123.0982617,0.05260057719775762,0.7319435900319202,262849991273.39432],2.1902957076211824
9,BH,2,10000,[0.08502477978074259,0.0004332273686254783,0.7417612050641448,379797285.05698717,0.008294017872010145,0.7250400808624046,903299521109.0524],6.630733721028756
9,BH,3,10000,[0.06680049597225839,0.000432999889878528,0.676670537373808,154474280.4548005,0.06811542310962267,0.637636339175049,436417313115.54767],4.753581670366454
9,BH,4,10000,[0.07328827489356433,0.00031753449185122496,0.7244202003388562,260494571.1529624,0.05983489630175979,0.8324096169588171,164401518644.30264],2.4879987713647544
9,BH,5,10000,[0.0032085323363863385,0.0002883638607417071,0.7289574707042299,571438052.6179638,0.09769284329848738,0.9325567727689311,982177774575.5477],1.8878162822696514
9,BH,6,10000,[0.024038680120393587,0.00045821513870411963,0.713005068686293,734218688.9870027,0.06037862722569765,0.5177760722227902,85790972035.23895],5.116354370747882
9,BH,7,10000,[0.08872529377894722,0.00040592710445062446,0.7068798731886614,11251472.255489616,0.08773798184277991,0.6708118975012218,651763610704.7972],3.9167238651642338
9,BH,8,10000,[0.05433581289456035,0.00023752587520375738,0.727408085167218,591351925.4632565,0.0175465564883766,0.65470539761547,41110371013.85185],3.154938927002921
9,BH,9,10000,[0.0556511929784715,0.0004376314494699335,0.7051074277312483,786191572.2566711,0.09848477548474115,0.6790745229661116,233157585208.0221],4.28431352702764
