ECM-Num,GOA-Name,Repeat-Time,Iteration,Fitted-Parameters-List,Chi-Square
9,DE,0,10000,[0.01689070652652252,1e-12,0.7593545947307294,1e-09,0.00023592187676011183,0.7593802913606572,57903.44863222461],0.9220471916154118
9,DE,1,10000,[0.016890740289535418,0.00023592179826817652,0.7593803309098045,57892.76154235278,0.0003299128397420519,1.0,10.0],0.9220469986224578
9,DE,2,10000,[0.016890738930875192,0.0002359217984733692,0.7593803306041,57892.762351438294,0.00032992423978804505,0.9999999999607663,10.0],0.922046998622458
9,DE,3,10000,[0.016890705979582234,1e-12,0.759366552725786,1e-09,0.00023592187678538563,0.7593802913749967,57903.44834597971],0.9220471916154122
9,DE,4,10000,[0.016890738218454954,0.00023592179923407876,0.7593803300839168,57892.76451302755,0.0003299263094215577,0.9999999999895495,10.0],0.9220469986224578
9,DE,5,10000,[0.01689073842810684,0.00023592179932666442,0.759380330151908,57892.766098236454,0.0003299193630504363,1.0,10.0],0.9220469986224578
9,DE,6,10000,[0.01689073902980154,0.00023592179898360637,0.7593803304950824,57892.76323969495,0.00032992500531560376,1.0,10.0],0.9220469986224578
9,DE,7,10000,[0.01689070645647665,1e-12,0.7593915294174197,1e-09,0.00023592187627508824,0.7593802917732847,57903.44626536897],0.9220471916154115
9,DE,8,10000,[0.016890706032774937,1e-12,0.7593704684903252,1e-09,0.00023592187716035492,0.7593802913625962,57903.45156352922],0.9220471916154118
9,DE,9,10000,[0.01689073760300403,0.0002359217992289027,0.7593803302012476,57892.76273389292,0.000329924511799335,0.9999999999864231,10.0],0.9220469986224579
9,WOA,0,10000,[0.015930253015374596,0.0002363241746493454,0.7591171263571369,61494.73111312285,0.011542539258404753,0.8781531284768654,260218405.5408222],0.9222823091871591
9,WOA,1,10000,[0.01391402648082256,0.00024194833703976805,0.7559080975074238,981886004.6044291,0.011674740962266185,0.5972453422964151,162112765550.41498],0.9395333112752935
9,WOA,2,10000,[0.015028873466985788,0.00023847281590266467,0.75782081900307,174131.4020827882,4.6611806545224784e-05,0.5343462993032421,181946669.20539537],0.9338039714274363
9,WOA,3,10000,[0.00610139699499162,0.0002415725156817,0.7558407760480971,166236.4640974914,0.09366380138541709,0.6356222282162248,6773270002.24128],0.9329479648078061
9,WOA,4,10000,[0.013680500753285403,0.00023466337177916092,0.7598201450087569,57295.97360417288,0.00023426045171744887,0.6309794109551601,9985402500.590837],0.9297479185899817
9,WOA,5,10000,[0.002639024928922888,0.00023581196754077287,0.7569931483512059,72981.86252158493,0.022479626955801718,0.8817228873079825,516337884030.14923],0.936657118620134
9,WOA,6,10000,[0.014939807671883869,0.0002419950261377125,0.7560223269579753,541180449.1628696,0.002665973569364233,0.6323248606770481,789851798.2510948],0.9395913445334957
9,WOA,7,10000,[0.016331557162596887,0.00023567985051770965,0.7595437802031635,55174.330041309535,0.015581101979836648,0.7413644654236562,5647704720.301114],0.9222453529442439
9,WOA,8,10000,[0.007788617874384001,0.00023784765926925127,0.7579302848752193,65148.39535585703,0.012149270256096311,0.7156368711285376,4282373961.5542727],0.9256853012443033
9,WOA,9,10000,[0.013460151374134895,0.00023923625008759745,0.7574230503806537,144740.148651113,0.008360756463526723,0.6137356885306035,80453726170.38731],0.9284889755234786
9,ABC,0,10000,[1e-31,0.0002937191229775909,0.7287915628169238,1000000000.0,0.1,0.5,183782289554.81427],1.2247272114282808
9,ABC,1,10000,[0.014756335058109884,0.0002400689255760268,0.7576779161827972,18464163.096009493,1e-12,0.5,10],0.940430730165118
9,ABC,2,10000,[0.030798288608304056,0.0002196144723497495,0.7714546937712817,39556601.24317384,0.1,0.5,10],1.024299609873626
9,ABC,3,10000,[1e-31,0.0002931457272084062,0.7353852003560981,1000000000.0,1e-12,0.754349153742392,10],1.1801550985800746
9,ABC,4,10000,[1e-31,0.000283197868417389,0.7317813353784507,1000000000.0,0.1,0.5,894611939987.3387],1.1656952197374297
9,ABC,5,10000,[0.05634377544111323,0.00034820946207048294,0.7242690273397008,1000000000.0,0.1,0.5,409381944751.49274],2.0202629371078906
9,ABC,6,10000,[0.02629883547207022,0.00021845164483606447,0.7696788057863408,139017524.46744314,0.1,0.5,10],1.016060861186837
9,ABC,7,10000,[1e-31,0.00035241803407193295,0.7174164041937812,1000000000.0,0.1,0.5,831202799434.9542],1.7794688175552387
9,ABC,8,10000,[1e-31,0.00029670237120058506,0.734209629811539,258816875.36794072,1e-12,1.0,1000000000000.0],1.2097464505392599
9,ABC,9,10000,[0.09935574351560403,0.00027254375225008176,0.7569867070375186,52893480.4290206,1e-12,0.6751937356725836,10],1.6071409448982144
9,ICA,0,10000,[0.09174467338909707,0.0009245683365413295,0.6150009991397816,648362753.8160553,0.04429202251417393,0.6696502127409805,198648840409.92984],9.174425327120407
9,ICA,1,10000,[0.022116467003008972,0.00023469697114256267,0.7603194463616882,55726.04313161628,0.04079424119470207,0.750212948781334,422548444416.0865],0.9232524627966195
9,ICA,2,10000,[0.00280375660905931,0.0002675742037053603,0.7407969918802512,555656892.8448553,0.06949365750004036,0.5549162119650646,630062083581.1359],1.0278911101769808
9,ICA,3,10000,[0.05065321309643308,0.00024203311926784452,0.7579734055175834,667805087.0416306,0.060458837923125654,0.6594726591368473,429551317985.29047],1.002242590285328
9,ICA,4,10000,[0.011960451147866199,0.00033768741562307614,0.7197793001533797,482625733.81738865,0.06793395687904882,0.634697271042368,489807248296.5104],1.6305922446634773
9,ICA,5,10000,[0.01638641876049167,0.00023664467350420617,0.7589042008668544,59343.49531031802,0.046970338168100076,0.694463861855334,122598556126.01971],0.9221515925636724
9,ICA,6,10000,[0.019600009328521396,0.0002708762173675477,0.7396014710285155,203691805.46584463,0.04720188939233717,0.6900962387951202,312184374696.10474],1.0694037615554652
9,ICA,7,10000,[0.0986730954883169,0.00019246556611644111,0.7983736022592646,283595765.565245,0.07413966645667867,0.887263669682248,822961245402.297],1.6818237554776565
9,ICA,8,10000,[3.3616734003714725e-12,0.0003078459527720337,0.7219656419259893,565490665.3021411,0.032613569459256676,0.5967800178201261,254483115656.56067],1.3877300299925055
9,ICA,9,10000,[0.06866888418159994,0.0002670631232045189,0.7430951676335167,431143761.7123285,0.054470465218150715,0.8804883265188386,787767621490.1182],1.2412774965309452
9,BH,0,10000,[0.010725661458422487,0.00021907216798144912,0.7532700669249426,454940723.4058012,0.021934467488924313,0.7967753055267349,818296287805.2975],1.3966521437496613
9,BH,1,10000,[0.014966488198037664,0.0004254929787813406,0.674775012460085,166156831.62101546,0.08775464337204784,0.6356033981396685,437475375925.2786],3.831206005831099
9,BH,2,10000,[0.07549757311289675,0.0002395526241601979,0.749705747124159,323926050.44902635,0.09832337950632002,0.9397267647434608,542359272331.739],1.3165604966828917
9,BH,3,10000,[0.08984874330936377,0.0003896039035074903,0.6909432974924358,977849573.3618175,0.02761071919897277,0.8504747328037815,295644110556.0453],3.6049910447271327
9,BH,4,10000,[0.04258172921866559,0.00028718824710637807,0.7276240941516807,783839135.8145828,0.0507387066156269,0.7608721690229434,802644433908.3462],1.4578721021920285
9,BH,5,10000,[0.007273264849072859,0.00045207237655850907,0.7026642324478385,991873273.9112338,0.08870453220191692,0.847772451621862,733770052186.8734],3.2328168542306046
9,BH,6,10000,[0.01785042615417215,0.00017237454785290973,0.7739626909762538,530857784.5788713,0.02026862776671003,0.6525100161470062,163622729708.7637],3.0347129576669754
9,BH,7,10000,[0.07306924990994909,0.00022250215107677538,0.7569910611462922,771444357.4323514,0.09733187635914611,0.8204031708910509,343399606697.2395],1.3572893280096632
9,BH,8,10000,[0.055199802537347256,0.00023956110509282074,0.7898414504461743,718237485.4932144,0.07192694736891933,0.507127535343898,568555402827.343],2.1570427114276667
9,BH,9,10000,[0.010980252521697398,0.0003439954223990337,0.7298241872628135,883682960.4435616,0.008378153938416818,0.8885264985797497,339225442944.90533],1.9415121104678834
