ECM-Num,GOA-Name,Repeat-Time,Iteration,Fitted-Parameters-List,Chi-Square
9,DE,0,10000,[1e-31,2.6376998143678248e-05,0.9559152564565495,1171.8912767623483,0.00011962386449385441,0.6293946424298676,16361.551010256771],1.923048558564586
9,DE,1,10000,[0.0002601795455181841,2.6339263051345974e-05,0.9560607122697808,1165.2929060751449,0.0001196843724272717,0.6281599459041423,16428.37620124345],1.923040454620547
9,DE,2,10000,[1e-31,2.4839295509561486e-05,0.9612767931729701,681.2329426027235,0.00013544205693217606,0.5,33888.60513663349],1.9316868519183172
9,DE,3,10000,[0.0002601792707259038,2.633926317665176e-05,0.9560607117899829,1165.2929048689718,0.00011968437261925246,0.6281599452471093,16428.37630819084],1.923040454620547
9,DE,4,10000,[1e-31,1e-12,1.0,1e-09,5.292781553732776e-05,0.8905986640223317,6021.754393168199],3.5968891438403063
9,DE,5,10000,[1e-31,1e-12,1.0,1e-09,5.292781537377276e-05,0.8905986641404416,6021.75436051142],3.5968891438403063
9,DE,6,10000,[1e-31,2.6213933879503725e-05,0.9564434947244123,1032.7934032269163,0.00016177014338217692,0.5,22061668.788635254],1.9712317922820133
9,DE,7,10000,[1e-31,1e-12,1.0,1e-09,5.2927815401421165e-05,0.8905986642237205,6021.754415194514],3.5968891438403054
9,DE,8,10000,[1e-31,1e-12,1.0,1e-09,5.2927815449153944e-05,0.8905986639083051,6021.754367103169],3.596889143840306
9,DE,9,10000,[0.00026017940613347595,2.633926299864515e-05,0.9560607126333505,1165.2928537565938,0.00011968437341217981,0.6281599290292147,16428.377152721623],1.9230404546205473
9,WOA,0,10000,[4.2557047768459326e-05,2.5853726787957147e-05,0.9577250175610144,991.1013960296088,0.00016088546951552047,0.5000815166365725,118703638.46779832],1.9716722258474186
9,WOA,1,10000,[1.0615854996719024e-07,2.6063705065845393e-05,0.956995615156223,1016.0122716343005,0.00016141087259547297,0.5000058937467834,1348688192.1019797],1.9713951223639514
9,WOA,2,10000,[1.5301920715238546e-06,2.5545319056339254e-05,0.9588477463979311,945.1749028009214,0.00015862451053596138,0.5011002244794479,282731733554.69995],1.973607055149319
9,WOA,3,10000,[0.00011179300225431336,2.6263136424396437e-05,0.9561759638707589,1035.739094967289,0.00016152478268673375,0.5002336968142115,226995418494.59354],1.9715070551463778
9,WOA,4,10000,[6.75045056044256e-06,2.618476011515221e-05,0.9565511824527949,1027.1560552687652,0.00016175953353419583,0.500004174210367,2046439841.8631659],1.9713501608658175
9,WOA,5,10000,[0.00024575099737642335,2.6487768547094227e-05,0.9554524090365029,1065.5481582677394,0.00016232726919159055,0.5004718462824196,65185040.42923387],1.971749505548964
9,WOA,6,10000,[0.00015920197807036855,2.6551272519889088e-05,0.9555664286211462,1063.7188747576276,0.00016152361456006503,0.5000195452426939,13257736344.735334],1.971900164266503
9,WOA,7,10000,[0.0001311361276560662,2.5275889458290364e-05,0.9611566666666574,932.4636786419492,0.00015796095229092633,0.501576499365594,4633928677.826622],1.9772101627106815
9,WOA,8,10000,[4.9386714221134374e-05,2.6126381944519378e-05,0.9567600405123107,1014.0218113267706,0.00016105910280755041,0.5000020994301626,16048269129.310442],1.9714045380303578
9,WOA,9,10000,[3.1964417685420766e-07,2.636801232779634e-05,0.9556228768576964,1071.669112544394,0.00016229060197703256,0.5006892384589602,25385577422.81599],1.9721270067283505
9,ABC,0,10000,[1e-31,0.00046177207915111367,0.7250254480539157,10742341.490166247,0.1,0.5,811408392481.9999],15.06264669333637
9,ABC,1,10000,[1e-31,0.00039161465464329295,0.720125718540391,125614606.8440361,0.1,0.5,828323398844.7145],14.072403698666086
9,ABC,2,10000,[0.008734281739862824,0.00048787815597166936,0.707242722925017,11756539.214120448,0.1,0.5,10],15.575789330819475
9,ABC,3,10000,[1e-31,0.0002997775469835819,0.7579623853827652,111048520.25882639,0.1,1.0,800274229352.7434],12.380014372709114
9,ABC,4,10000,[1e-31,0.0004646354452115687,0.7207734438785868,16357148.070658326,0.012007295062908343,0.5,10],15.034763813569759
9,ABC,5,10000,[1e-31,0.0006246977708879702,0.6851580912637868,1000000000.0,0.09451583313719035,0.6494183685893388,10],16.876502487462712
9,ABC,6,10000,[1e-31,0.00013438377151125426,0.7935550948585767,30106466.01359988,0.033382084880328386,1.0,430504960856.89624],8.721814619986754
9,ABC,7,10000,[1e-31,0.0003081362322318814,0.7567697029786097,37671310.73034851,0.1,0.5,10],12.580519985623548
9,ABC,8,10000,[0.0072762060852650185,0.00019891415649356953,0.7881042180191336,17247184.1984908,0.1,0.96438198769211,823864667520.9929],9.978101473451073
9,ABC,9,10000,[1e-31,0.00047487711641642713,0.7182070053369763,18869060.71143323,0.1,0.5,508665608013.8126],15.155221920286527
9,ICA,0,10000,[0.0034079906899610974,0.00011137547349153925,0.8125114042367593,10774.302180999097,0.08839918159470177,0.6081400286283425,563564371226.4177],6.000130500889893
9,ICA,1,10000,[0.001544795448889118,0.00011116660086517393,0.8127028463603536,10763.138822524237,0.03998205197129307,0.9021263632795101,679975303084.3616],5.954064057585009
9,ICA,2,10000,[1.1164139316193951e-11,0.0001099569497661969,0.8134997899353452,11183.241898799875,0.04809353176194264,0.698005931734749,374652898827.75],5.87906073028294
9,ICA,3,10000,[4.133243345009854e-12,0.00012650247477801187,0.8129145455690141,496565469.7475947,0.04458959431706665,0.7225141215757747,236167028901.53412],8.170969462874865
9,ICA,4,10000,[0.001826715525047371,0.00011990967081976784,0.8136021992785061,11026.86555742974,0.03348915161194894,0.9194609706015135,858661805675.6957],6.059433310933646
9,ICA,5,10000,[0.01637053684929306,0.00013731116693193267,0.7989206050012911,10588.086357829394,0.07582889326521615,0.8767391333842763,474445492574.66077],7.30613705957137
9,ICA,6,10000,[0.01580175914984633,0.00012023739563367359,0.8305698522778981,838132108.0919054,0.057726818244377205,0.7825098957137071,460639110942.4959],8.725353845985826
9,ICA,7,10000,[0.001906087701433617,0.00012586465775969542,0.8132187513864023,16812.74601271508,0.044741184538345795,0.7917943805176231,174099408912.31644],6.408169427350723
9,ICA,8,10000,[8.074026199466501e-14,0.0001259290858519272,0.8131553186651334,340447581.894213,0.07148799758127912,0.753357660323994,371510546031.6752],8.170384735236805
9,ICA,9,10000,[1.6249505634461077e-08,0.00012551186233519115,0.8134844128170883,400614888.74069697,0.025949018453686856,0.8144120314144384,419923819664.78644],8.170252246098968
9,BH,0,10000,[0.018321816768042867,0.00013037342986378173,0.8087289715207541,837300984.3696054,0.08853747595711078,0.8814339163604157,512410208193.3809],8.530597359745343
9,BH,1,10000,[0.00302294107864608,0.00014483100450902385,0.7847331582620967,255939042.15175346,0.09442306616209838,0.5553951159338478,908810240761.0685],9.186836536843098
9,BH,2,10000,[0.04404120844349955,0.0001388301863721824,0.8085235700053084,62255147.59034923,0.018603859616457587,0.7248522344243336,873637780937.2804],9.211584431490603
9,BH,3,10000,[0.009202710247310997,0.0002648203928642357,0.7825884918841418,398965138.9615596,0.08785475853631237,0.7931291756862093,893851862059.4423],12.401970520690657
9,BH,4,10000,[0.04791249396974966,0.00020361154469761454,0.7651911634047592,839928171.4287977,0.012785609861388778,0.9547870560277258,768024032713.1606],11.531675331542433
9,BH,5,10000,[0.03035198778093804,0.000215291878774227,0.7615725202842794,246842749.66003373,0.05412417049769387,0.771515127805636,559965911374.2627],11.228017388381149
9,BH,6,10000,[0.03583670245248721,0.0002749058639025472,0.7615374208149892,181151762.4175717,0.032826788474933324,0.8429083117953493,814448115573.4207],12.554204502931011
9,BH,7,10000,[0.03215405706113426,0.0001490098467479345,0.7967134455845807,91336809.5500049,0.05980953239047461,0.6225826972149452,40890140850.7144],9.173272502296822
9,BH,8,10000,[0.06794964053342595,0.0001582642892402682,0.8178867150118426,888931902.4862651,0.07123233570011973,0.7982671335084996,607656005528.8419],10.739393782602432
9,BH,9,10000,[0.04198649258943506,9.891409838281963e-05,0.8176626883460552,732066538.085642,0.036728295531568964,0.5898775005310466,301603000369.81116],10.453154646965128
