ECM-Num,GOA-Name,Repeat-Time,Iteration,Fitted-Parameters-List,Chi-Square
9,DE,0,10000,[1e-31,3.1313981541514526e-05,0.890518781525054,553.192545618289,9.270215812543711e-05,0.628071046622107,68316.98492427956],1.6206725626589016
9,DE,1,10000,[1e-31,1e-12,1.0,1e-09,7.874756426828539e-05,0.8053516101219007,16420.451524666354],2.974813471307675
9,DE,2,10000,[1e-31,3.08443970707376e-05,0.8917738529499323,464.2390940666685,0.00010317953498398815,0.5793855547396619,5717235.935058594],1.6299649240033909
9,DE,3,10000,[1e-31,3.131398182678599e-05,0.8905187808541792,553.1925768449772,9.270215745050315e-05,0.6280710514056734,68316.9815352752],1.6206725626589016
9,DE,4,10000,[1e-31,3.1313982092758954e-05,0.8905187797773763,553.1925929035182,9.270215690316843e-05,0.6280710544998062,68316.97705685726],1.6206725626589018
9,DE,5,10000,[6.848310893504732e-18,3.13139820401472e-05,0.8905187801751756,553.1925892154422,9.270215581714878e-05,0.6280710595042651,68316.97046038789],1.6206725626589018
9,DE,6,10000,[1e-31,1e-12,1.0,1e-09,7.874756444559057e-05,0.8053516097725087,16420.45195493206],2.9748134713076744
9,DE,7,10000,[1e-31,3.131398212947664e-05,0.8905187799528484,553.1925693354373,9.270215735759242e-05,0.6280710503558533,68316.97653377539],1.6206725626589016
9,DE,8,10000,[1e-31,3.131398205556225e-05,0.8905187797630899,553.1925794103921,9.270215656243845e-05,0.6280710541056235,68316.9755808325],1.6206725626589016
9,DE,9,10000,[1.3110477027950761e-18,3.13139819677127e-05,0.8905187803841726,553.1925852300502,9.27021571882596e-05,0.6280710564459235,68316.9764354046],1.6206725626589014
9,WOA,0,10000,[0.0024836280954574517,2.969279179015117e-05,0.8943885938998073,451.47716016013067,0.00010256241724056909,0.6047638001487308,3392497254.621816],1.6468074412056486
9,WOA,1,10000,[1.1309241885224698e-05,3.0804458369710194e-05,0.8918884312577979,461.57755324801366,0.00010338370266090492,0.5785794299204573,149610706663.61652],1.6301960065639234
9,WOA,2,10000,[7.916617385583551e-06,2.7580961465872043e-05,0.9009815034896451,298.3294115573369,0.00010735557887190197,0.5657159737014005,19098143532.074703],1.6433634168331037
9,WOA,3,10000,[0.002303017600285174,9.362627911027496e-05,0.7849585057714638,21185.87773785554,0.006287703342846472,0.5763903390459346,7438589817.588412],3.228163294883519
9,WOA,4,10000,[6.759467769492938e-06,3.0675603856165836e-05,0.8922714127434846,453.91187594419404,0.00010348071707346062,0.5781115177840174,45727103568.91757],1.630214642016137
9,WOA,5,10000,[4.8368828567606485e-08,3.075044999682447e-05,0.8920245236565134,463.7725465762265,0.00010360485802975804,0.5783156393012643,206050273.58143395],1.63021294708212
9,WOA,6,10000,[0.0003987833550740896,3.0768951861033056e-05,0.8920039539134184,460.1597251101732,0.00010334220848824993,0.5788298159403866,13822344786.54788],1.6308833982520348
9,WOA,7,10000,[8.375436667803757e-06,3.069426609204366e-05,0.8922171800591286,453.9657279941972,0.00010338960681620668,0.5782410400343362,2508210837.2652316],1.6302148851789884
9,WOA,8,10000,[0.00038962029051119027,3.052742202623912e-05,0.8927174615803023,442.8495693220684,0.00010353451636947997,0.5774657840538178,1087399049.2940154],1.6309781313270029
9,WOA,9,10000,[4.885539057148934e-05,3.082254335888044e-05,0.8918364277104103,461.68513532388965,0.00010333714446296216,0.57863438262865,16875753690.932013],1.6302610885792381
9,ABC,0,10000,[1e-31,0.00011301338563222754,0.7787000141853081,201603591.45933956,0.026815378458496894,1.0,356154107006.00995],4.22365961328588
9,ABC,1,10000,[1e-31,7.339587752729082e-05,0.8150942142631936,1385945.1636466384,0.027938389338098748,1.0,746007638252.659],5.357046408779927
9,ABC,2,10000,[1e-31,0.00023652524063456264,0.7136113679279654,1e-09,1e-12,0.5,1000000000000.0],8.722522656914837
9,ABC,3,10000,[1e-31,0.000260248929109715,0.7060739750708974,1000000000.0,0.1,0.5,695828700143.1315],9.46458267703778
9,ABC,4,10000,[1e-31,0.00022193631390586901,0.7176880069017681,1000000000.0,0.1,0.5,408355018999.2739],8.22930554742924
9,ABC,5,10000,[0.007060232953878306,0.00012348928987572093,0.7676738286422045,363271736.0600043,0.1,1.0,995352592445.0479],4.515338591478606
9,ABC,6,10000,[1e-31,0.00030931123346715104,0.6875438016318153,1000000000.0,0.0016756696247857174,0.502291973954949,10],10.84562781019393
9,ABC,7,10000,[1e-31,6.134116285673365e-05,0.8260583593487281,9198350.571319431,0.00012770943767032643,1.0,756873371548.723],8.158290658641727
9,ABC,8,10000,[1e-31,0.00016307098151879373,0.7353828413523676,227874907.5223103,0.1,0.5,498515953902.99817],6.057989334484155
9,ABC,9,10000,[1e-31,0.00026237129672738047,0.7045569307391664,406142290.7716575,1e-12,0.5,1000000000000.0],9.52772063652925
9,ICA,0,10000,[2.7773136130977096e-15,9.929791778046527e-05,0.7829270965485166,667108125.882311,0.06284968491106546,0.8293843221101337,763134061495.2059],3.9582932747494977
9,ICA,1,10000,[1.4133874687578878e-11,0.00010000746093685645,0.782124535153478,235216208.47188395,0.06863447748933124,0.692050434336686,554319245703.8444],3.9585819971811227
9,ICA,2,10000,[0.004248000190588638,9.851596729145921e-05,0.7839417561827011,23897.907653569233,0.05921450774309925,0.8650555451891984,754275822690.0459],3.338693712741575
9,ICA,3,10000,[4.478045356470056e-12,9.841440064875947e-05,0.7825362156717486,23993.79792989943,0.07674747292208674,0.7784964614952457,599269511479.3779],3.311619935257176
9,ICA,4,10000,[9.318604115492555e-15,9.389460942764335e-05,0.7889778810453769,22063.77103887396,0.05627870759965243,0.7475665267517136,809682055303.5455],3.1787480741018284
9,ICA,5,10000,[1.7961295452574506e-15,9.945335696369901e-05,0.7827796878166661,451597812.34376913,0.04674709451882518,0.8041886350666828,794665547935.957],3.958237384244294
9,ICA,6,10000,[0.0008068003343301872,9.919050423871718e-05,0.782991896002784,23865.175010707873,0.024676604117908056,0.9573488306461045,524311599301.2339],3.332936854378625
9,ICA,7,10000,[2.37581415381864e-13,9.911722715268718e-05,0.7832674924622145,422639776.0551421,0.07442363083771678,0.7931578829387678,463078030702.363],3.9584578008146263
9,ICA,8,10000,[2.8387506990271004e-13,8.31398421064821e-05,0.7997862595470608,18070.27665223719,0.05678426305858969,0.7300445194652139,459076518619.01984],2.9939318223431934
9,ICA,9,10000,[2.5588258992771526e-06,9.597795061915796e-05,0.781981171841173,24682.962804364033,0.05290053983817456,0.6424362701934291,860148740953.7599],3.286799526104678
9,BH,0,10000,[0.07609565578934174,0.0001845718112744069,0.7559285654531152,16786249.411883004,0.08506653638187042,0.8139538881615309,859015939915.0364],8.356881131775108
9,BH,1,10000,[0.0536219962091007,0.0001485477730841584,0.7447297150962779,148605086.64035854,0.00250341025332378,0.8303509713976027,644519415997.6005],6.092253407664146
9,BH,2,10000,[0.016014805397713695,0.00011728825251212588,0.7572830148033564,707769610.719635,0.003754630083908174,0.7157380470638572,724792561438.3601],4.71783785902956
9,BH,3,10000,[0.06287310204418277,6.865329698814563e-05,0.8037961570802902,540366216.7740366,0.09610339446595384,0.737017569664612,856802361115.9137],7.21691196611062
9,BH,4,10000,[0.033874106384391305,8.770281715499098e-05,0.8081138120189979,284723606.61076325,0.09309880009114636,0.735216760168552,29890792037.135925],4.7235572155761965
9,BH,5,10000,[0.0324413795282996,0.0001255450325495884,0.7546622065829056,204341020.3581112,0.01174594499663322,0.7731414268034993,33330119025.02746],5.033529961917904
9,BH,6,10000,[0.07770929695287852,0.00017113305461358643,0.7881784733926349,406663280.34210044,0.09431109210376509,0.6917078926377174,680628370256.2677],9.609820039109858
9,BH,7,10000,[0.0551162205605745,9.654528360404505e-05,0.80299632049677,656808008.6965908,0.09004234255247168,0.5954990633340108,904762245146.6833],4.864883518800718
9,BH,8,10000,[0.010447025897928354,0.00024754240193513866,0.6979343463729,472374215.8673715,0.055939693615759865,0.6066173531237242,565827667666.8362],9.492639748224166
9,BH,9,10000,[0.06270735356293845,0.0001923582578596845,0.7358969158825439,968197696.2857614,0.09516226597348916,0.7160553300033972,470982587666.46344],7.949252590290778
