ECM-Num,GOA-Name,Repeat-Time,Iteration,Fitted-Parameters-List,Chi-Square
9,DE,0,10000,[1e-31,2.4190977447091382e-05,0.9316571469345258,85.42946824391494,0.00012657200262730325,0.7625162277604922,22831.283830647404],0.20755546459417265
9,DE,1,10000,[1e-31,1e-12,1.0,1e-09,0.00013415740347180957,0.7844802541644879,19213.45523377817],2.0645856620851077
9,DE,2,10000,[1.8520708835351284e-18,2.419097752158965e-05,0.9316571465100182,85.4294683909083,0.0001265720027326525,0.7625162274482372,22831.283693789577],0.20755546459417262
9,DE,3,10000,[7.818581042722712e-18,2.4190977595416233e-05,0.9316571464302181,85.42946828617727,0.000126572002696149,0.7625162277322668,22831.283629757294],0.20755546459417262
9,DE,4,10000,[1e-31,0.00018943951276032578,0.649177827495242,1e-09,7.697610116387395e-06,1.0,1000000000000.0],0.721552107248595
9,DE,5,10000,[1e-31,2.419097760158384e-05,0.9316571464222749,85.42946969825961,0.0001265720025464808,0.7625162289867051,22831.283753858355],0.2075554645941727
9,DE,6,10000,[1e-31,2.4190977689295293e-05,0.9316571461173881,85.42946937957407,0.00012657200254303624,0.7625162281560568,22831.283643770745],0.2075554645941727
9,DE,7,10000,[1e-31,2.4190977545532562e-05,0.9316571465814504,85.42946867412276,0.0001265720026422063,0.7625162280561039,22831.283622161405],0.2075554645941726
9,DE,8,10000,[1e-31,2.4190977502383213e-05,0.9316571467603132,85.42946841070315,0.000126572002490089,0.7625162280190463,22831.283720686497],0.20755546459417262
9,DE,9,10000,[1e-31,2.4190977689302324e-05,0.9316571460421579,85.42946911149366,0.00012657200264304307,0.7625162275508155,22831.283893456446],0.20755546459417262
9,WOA,0,10000,[2.455634243161028e-10,2.1036503989415492e-05,0.9432487489622449,61.500366745889345,0.00015747588865594063,0.6984649365874134,12418606929.701517],0.3250837735502564
9,WOA,1,10000,[1.266376975481963e-07,2.1166094028807198e-05,0.9427227563908631,61.934016908363525,0.00015749784550773843,0.6983414229904529,13336153783.817747],0.3251143567666789
9,WOA,2,10000,[2.3010393449805842e-05,2.0910945083315258e-05,0.9437539961999728,60.974069770495454,0.00015773093102707666,0.6981743098761057,392811736071.5025],0.32508705352557876
9,WOA,3,10000,[2.96802090263068e-06,0.00012784532583038168,0.7889461093486381,11609.156138504695,0.00016081643811217432,0.5004112403654621,4618090687.205994],2.022015890494143
9,WOA,4,10000,[0.005562271152722597,2.02230520756515e-05,0.9458940067486304,68.35596910580873,0.00016266843762055794,0.7079582865337497,66855805.335859016],0.3544456625155752
9,WOA,5,10000,[3.383402183409692e-05,0.00013410879217377975,0.7845009713838037,19224.903409415583,0.016663316961595714,0.5513001182690895,72930856540.65805],2.0645897449015127
9,WOA,6,10000,[0.0007159471867189741,0.00014144043486361582,0.7769544051466879,32595.994029411115,0.016666948500850726,0.9202585546074362,54961856082.32938],2.1496195862399112
9,WOA,7,10000,[9.298590558039733e-09,2.0898372054891296e-05,0.9438117572966296,60.83932949771513,0.00015772284492458028,0.6981616417002835,49881521.549780674],0.3249887008610415
9,WOA,8,10000,[1.8512234963030521e-06,3.8109422636169284e-05,0.8918688475403086,145.41117255729299,0.00013513804430166496,0.7160327665131495,5276746943.230924],0.4912659544151038
9,WOA,9,10000,[0.001966500011514373,0.00014434406644400912,0.7769410391723205,29358.434792389147,0.04154047902506403,0.8283223152865965,18665755359.483543],2.154284708163841
9,ABC,0,10000,[1e-31,9.603478169126732e-05,0.8161795873339246,143365384.87667203,0.006466813017329157,0.5350185025133374,600884119830.1757],5.708696086790344
9,ABC,1,10000,[1e-31,0.00033694481326955927,0.6956347032613783,640727075.1271367,1e-12,0.5,1000000000000.0],7.2240223189076795
9,ABC,2,10000,[0.011928718193773408,0.00028777361828022374,0.7132777206434603,1000000000.0,0.1,0.5,482950831251.7556],6.011000076367007
9,ABC,3,10000,[0.015013795029873827,0.00013671060192050472,0.7894756381311943,275142190.45732534,0.004926906136819155,1.0,441768437295.054],2.831555153393653
9,ABC,4,10000,[1e-31,0.000331744922916083,0.7249302460370344,1000000000.0,0.09071532069698801,0.5298208894012207,469481430182.78156],7.342848661010308
9,ABC,5,10000,[1e-31,0.0001688592037669412,0.7535171757052241,84294715.70519371,0.1,1.0,862033849669.9479],2.8281403649175156
9,ABC,6,10000,[1e-31,0.00020157130782015587,0.7437534935696403,320813056.7768909,0.1,1.0,387930552361.7226],3.386256391131941
9,ABC,7,10000,[1e-31,0.00024335381751115076,0.7315316646319817,366417960.25532115,0.1,0.5,769754488615.5106],4.510080450641496
9,ABC,8,10000,[1e-31,0.00026246303786747337,0.7145040688680558,1000000000.0,0.1,0.5,402540337978.1534],5.3264981174956985
9,ABC,9,10000,[1e-31,0.00012978359727305823,0.7893184331198637,5984214.819725633,0.1,0.6777680189458959,21707651353.703125],2.7365900828331924
9,ICA,0,10000,[5.818036595136617e-14,0.00013572591290510473,0.7830481110562681,19589.34992648922,0.04739355460045602,0.8679243383123654,627852887882.7615],2.065946523665571
9,ICA,1,10000,[4.1853231738748466e-13,0.00014888845896070987,0.7737770966617228,416289296.9022999,0.027975520177731496,0.7860576066507483,261465580509.4048],2.477503133586036
9,ICA,2,10000,[0.0012516607611832173,0.0001460339911717713,0.7725314882841338,22891.46458422929,0.044713678841556,0.8505748934317451,231456325595.26233],2.1740170844793636
9,ICA,3,10000,[6.057483271785156e-15,0.00014960248126630896,0.7732401438343042,23739.93469359101,0.005933560999924249,0.7909339346815505,626762792951.351],2.17163433654297
9,ICA,4,10000,[5.941399458144468e-15,0.00014958764177515216,0.7732996774318809,730321043.9420644,0.020692597733376478,0.9883463025401199,560153798467.8379],2.477806309080921
9,ICA,5,10000,[3.7625069496393716e-13,0.000149610724818222,0.7729883796413549,157827164.54453832,0.054747590385141084,0.7665931189791453,481795404536.44806],2.4779602594506978
9,ICA,6,10000,[1.8212419829023844e-10,0.00013391297776935905,0.7849924804711481,19747.919007416764,0.06446234021019095,0.6107326239469615,690498461053.3704],2.0651219114043773
9,ICA,7,10000,[3.0309561545314756e-13,0.00013656432518036448,0.782595555868981,19836.705455083982,0.041637771395743255,0.5446542984145804,366249648556.8369],2.0674469578993984
9,ICA,8,10000,[5.666628783210415e-10,0.00014628320459982025,0.7722929653856283,22267.67732216795,0.06588003476255352,0.8290461435879415,507178801670.4103],2.162641503043772
9,ICA,9,10000,[2.4664511686541576e-13,0.00014876054568122585,0.773884675064565,359058084.26641077,0.09032492797369213,0.7342795844643987,319105017430.30365],2.4775049322309064
9,BH,0,10000,[0.05025014594247065,0.00021103289149471228,0.756255186514663,614807912.3588216,0.02723519731895085,0.7001708273969978,626720491911.1986],4.61231127010452
9,BH,1,10000,[0.019562590968987673,0.00027169941907178636,0.7125347410636231,603452817.3936318,0.05373710696736635,0.5189544839424656,432298896314.3186],5.940588535572756
9,BH,2,10000,[0.008252959926810877,0.00013979053147451217,0.8602508894454175,606657178.3256327,0.023786101802278796,0.5482637560098222,489758078855.099],8.468629388461654
9,BH,3,10000,[0.018340860716774154,0.0002525481532574782,0.7610687432102216,780138285.3149469,0.09500877102791157,0.5449985905291179,425018313228.1581],6.398242668920803
9,BH,4,10000,[0.014817127808717046,0.00019969435327860322,0.786053916700327,306858404.0149507,0.023557963578888737,0.5845349348262334,465082630290.1464],5.36968828312227
9,BH,5,10000,[0.072827807690864,0.0001583364289167229,0.787270306150243,724034275.0753894,0.06672312839366898,0.9533224384359463,793029982244.6621],4.047501101689974
9,BH,6,10000,[0.05330346862963025,0.0002113351211948676,0.791051132932312,630575912.8418502,0.05541356181477383,0.5917066598192351,618566315859.1888],6.855466673618592
9,BH,7,10000,[0.07614469280689538,0.0001039436402613509,0.8604871850011484,54872388.41826114,0.03873809857850005,0.9778618118475856,24868353756.976387],7.900678640062812
9,BH,8,10000,[0.07043379094568251,0.00012626709548125675,0.8433023121014767,543186800.9937384,0.007923947872480094,0.8254496769270636,264405978325.84326],6.616464163796349
9,BH,9,10000,[0.05875243254712068,0.00010869855277729782,0.85807386857395,325365965.9628233,0.012190952247126956,0.744667774377819,5479677062.294844],7.4440707015740335
