ECM-Num,GOA-Name,Repeat-Time,Iteration,Fitted-Parameters-List,Chi-Square
2,GSO,0,10000,[0.03413768380167042,0.9999155231963068,0.3001085537609893,5017311.942858284,0.9999816385391783,0.9999726982120324,96466.96106536356],28019.503050695752
2,GSO,1,10000,[0.07051026812970562,0.9979240738166365,0.6685398705869673,1812153.6983005959,0.9579507378954837,0.5051973485307036,0.04631760182853164],10481.984634955392
2,GSO,2,10000,[0.022366377507719113,0.999899950563283,0.30000705269440125,6155444.39271129,0.9999919745581457,0.9999868007466091,98527.48199023251],27814.53515097776
2,GSO,3,10000,[0.029765411051756004,0.9999212400314692,0.30003443437673005,1590278.5018876719,0.9999926471397186,0.9999889074605998,80797.90774215129],27939.689766534088
2,GSO,4,10000,[0.023762826591174725,0.9993623706254346,0.30013754098865614,3040904.966557139,0.9999719658857106,0.9999222532740991,85873.87675692428],27856.28038686586
2,GSO,5,10000,[0.01111956650236265,0.999969094660412,0.3000091420358818,6212639.591564105,0.9999977262818588,0.9999930064111228,80804.39862856784],27635.385419625796
2,GSO,6,10000,[0.06444372332286619,0.9984733505796054,0.4273501735150031,7108199.88449492,0.9945825998289444,0.6896303663893267,0.30017316164634567],13009.383097225142
2,GSO,7,10000,[0.03523907239874821,0.9999553126473079,0.3000293185435742,999197.3164635415,0.9999938788275934,0.999989075069528,65214.78542750235],28035.241040034638
2,GSO,8,10000,[0.04487308617250942,0.999966978521357,0.3000352271851055,4433890.4554456435,0.999988005087067,0.9999564025386749,89707.07949196937],28214.284396951425
2,GSO,9,10000,[0.034171532352789566,0.9999806075514571,0.3000765527542795,4643157.445326164,0.9999872326704201,0.9999899624326534,88171.7872547791],28017.11126562651
2,GWO,0,10000,[0.001490746369216371,0.0001330684900307035,0.9312632229920875,0.007556084170183196,0.0019551350174039166,1.0,0.018276052739742896],18.727089385262357
2,GWO,1,10000,[0.0003165820397549735,0.0019270653236691394,1.0,0.018395693160898566,3.966786428179678e-05,1.0,0.008594678923697313],18.724399079864057
2,GWO,2,10000,[0.0016331176143740491,0.0003540637120757419,0.8610019813290609,0.00754198158118237,0.001980930714350721,1.0,0.01815894597630451],18.729068355071366
2,GWO,3,10000,[6.195702703356952e-05,0.0003295698464033932,0.838539940330047,0.009136022216962499,0.001988493621474926,1.0,0.01813440581404059],18.728366630738947
2,GWO,4,10000,[0.0004913651758453323,0.00022952562865310598,0.8724830959616569,0.00864669910414139,0.001975508262877291,1.0,0.018187725325065584],18.727714505286784
2,GWO,5,10000,[0.001517986117367729,0.00045399696553915207,0.8402701776069977,0.0076950009761904215,0.0019880139830816515,1.0,0.018125484797828963],18.729543434954362
2,GWO,6,10000,[0.0004959328543178808,4.130881493094151e-05,1.0,0.008417726180489823,0.0019273783923516488,1.0,0.018393360564353155],18.72454869523609
2,GWO,7,10000,[0.001320055948846028,0.0019815423575162082,1.0,0.01815742970542714,0.0003371398088460047,0.858707715586108,0.007856927065766283],18.728824131541515
2,GWO,8,10000,[4.090355192853786e-05,0.0007360956840894809,0.7785959979375495,0.009275891762672413,0.002008789692109731,1.0,0.01802438826187303],18.730272248507003
2,GWO,9,10000,[0.0004968568096737322,4.131273335444761e-05,1.0,0.008416821501816612,0.001927428570146646,1.0,0.01839320933464478],18.724549477334996
2,WOA,0,10000,[0.0448203388240229,0.8654101098996314,0.47271754919676373,6806208.938461575,0.7885056953106858,0.5688054343725609,0.6030610882880865],20231.111044355886
2,WOA,1,10000,[0.0881403199179437,0.9510470322852832,0.5432604607717616,5271222.937314636,0.965035356062545,0.9552477739582452,0.38953480437703547],16846.947966839252
2,WOA,2,10000,[0.015409347455148615,0.8045811732625037,0.5691339360668469,6771943.424424393,0.6892155135233421,0.9660460563466537,0.025302577380898583],13996.713260788714
2,WOA,3,10000,[0.008538309749144211,0.9101405575389191,0.3938599039418996,9332471.949461905,0.9098181845299155,0.6503930819930688,0.2116717750486714],12555.665878402591
2,WOA,4,10000,[0.015822031672975516,0.999065096977074,0.3099438631121708,438867.9163071195,0.12197389334790046,0.7572936663184456,0.008607834523282006],7846.602999035518
2,WOA,5,10000,[0.006592956769021188,0.9110248018979566,0.8242978311850154,1288388.5814863262,0.21245679524407624,0.9492441440565785,0.1735866079754623],13511.020718046588
2,WOA,6,10000,[0.0049089321449304404,0.6583223087772293,0.7632719994025493,4614445.845869276,0.5090398790872864,0.5817766418631979,0.3154832451417458],26579.752275556853
2,WOA,7,10000,[0.0008325401785000164,0.9996799877435186,0.32327711287469135,3031683.0093608573,0.10280385296811138,0.9564647101788865,0.0013805598788709658],7578.34200750978
2,WOA,8,10000,[0.010437515472603012,0.9972134234200609,0.40231685768425307,5589178.229866345,0.03242693513963095,0.5560075999150185,0.009493757275954721],8173.449566714909
2,WOA,9,10000,[0.0021809333754869023,0.9371897433633435,0.5024111955811634,9948698.756871855,0.07140016873254146,0.6718280743402021,0.22993499068620893],12453.329593857961
2,DE,0,10000,[0.007887358869421596,0.0018386919684089274,0.9999999999999983,0.018449603131444992,0.0015665322027917676,1.0,0.001],18.755744489599554
2,DE,1,10000,[0.011719628619549087,0.015603385362793248,0.9999999999999992,0.001,0.015603387771133787,0.9999999999999968,0.001],21.355848864603256
2,DE,2,10000,[0.007887358743102266,0.0015665317851148476,1.0,0.001,0.0018386919377238549,1.0,0.018449603272838875],18.755744489599554
2,DE,3,10000,[0.011719628408923148,0.015603387441524853,1.0,0.001,0.015603385885718524,1.0,0.001],21.355848864603256
2,DE,4,10000,[0.011719628564622839,0.015603385722831459,1.0,0.001,0.015603386723905628,1.0,0.001],21.355848864603253
2,DE,5,10000,[0.011719628607069764,0.015603386402970147,1.0,0.001,0.015603389207945212,1.0,0.001],21.355848864603256
2,DE,6,10000,[0.011719628529978444,0.015603386001389925,1.0,0.001,0.015603387381643045,1.0,0.001],21.355848864603256
2,DE,7,10000,[0.011719628548279615,0.015603386841263766,1.0,0.001,0.015603387114773402,1.0,0.001],21.355848864603253
2,DE,8,10000,[0.011719628559816233,0.015603387720807183,1.0,0.001,0.015603387018286702,1.0,0.001],21.355848864603253
2,DE,9,10000,[0.011719628631083768,0.015603387952982932,1.0,0.001,0.015603387336262032,1.0,0.001],21.355848864603253
2,ABC,0,10000,[0.006964851017566345,1e-06,1.0,0.001,0.00471098228841349,0.8984974022036201,0.019441440593647434],18.81889663672442
2,ABC,1,10000,[0.007011673139566399,0.33669710232529293,0.4798998702022799,0.001,0.005437557267908806,0.8862673011403047,0.01953593159773138],18.82574944021528
2,ABC,2,10000,[0.008282102593999759,0.42813108271111344,0.6761958334972582,0.001,0.005610997875469513,0.899364392516557,0.018519650004050543],18.83373672353596
2,ABC,3,10000,[0.007677204446595711,1.0,0.4372557504074741,0.001,0.0018390817235105624,0.9939610048401241,0.018130792302579683],18.778253826201063
2,ABC,4,10000,[0.008221382678440765,0.30883643893839563,0.7032901634422595,0.001,0.003940712583706138,0.9265560943997847,0.01823556299292213],18.806559587679413
2,ABC,5,10000,[0.008754003271035487,0.7560956921588182,0.6380557695059793,0.001,0.00416653208700305,0.9340350859913702,0.016610450580302014],18.84081065759628
2,ABC,6,10000,[0.00834812416393246,0.0703597576554143,0.8378932796458897,0.001,0.0019745672292170568,1.0,0.017115885907899597],18.7826495411064
2,ABC,7,10000,[0.006803344813358047,0.8471153971312455,0.3,0.001,0.0030327995769321436,0.9188693137769623,0.019005523613700146],18.859474651504218
2,ABC,8,10000,[0.007436210416211139,0.48782117633689787,0.4751835923678706,0.001,0.001623529034948506,1.0,0.019554792512099177],18.785763145637944
2,ABC,9,10000,[0.008007369986066224,1.0,0.558842212152324,0.0020604881061760533,0.01047736463329188,0.8553145289372418,0.015460853712220607],18.93706820321797
