ECM-Num,GOA-Name,Repeat-Time,Iteration,Fitted-Parameters-List,Chi-Square
2,GSO,0,10000,[0.012783166605828532,0.005961769703618843,0.8430566146816394,8455613.562349502,0.0006492588162397253,0.8458453081489434,2702.568639055993],0.3216551133984528
2,GSO,1,10000,[0.012636298718053236,0.7510240778801484,0.6346759940705652,6929715.55508154,0.0005880796129916563,0.8457353154430072,3380.863518009758],0.3246697289716062
2,GSO,2,10000,[0.012742536124153747,0.0005890637270516634,0.8450004267804004,3393.5218003274967,0.642318602241395,0.8703182383515645,41496.91371665489],0.3236514029354458
2,GSO,3,10000,[0.012742801162948871,0.0005893777552088488,0.8449923130916667,3389.0623481896655,0.39462504636118484,0.870166073036014,53072.883561531264],0.3236375044676302
2,GSO,4,10000,[0.012503675531410562,0.4230491858792009,0.6237760731264307,4341217.696844396,0.0005874487188740984,0.8464791423285223,3361.825910174802],0.3258369889276318
2,GSO,5,10000,[0.01273535536165525,0.45587857013467303,0.7666157742031509,8770302.381822592,0.0005892243411773876,0.8451833582652994,3389.2408450420685],0.32377731489066636
2,GSO,6,10000,[0.01265593171089802,0.2962452855544995,0.6952862989127246,8288637.848686065,0.0005889323304309309,0.8458342094276144,3373.292677510186],0.3245815247599762
2,GSO,7,10000,[0.012742859054429711,0.0005891456971721509,0.8449982712522952,3392.3595919131058,0.552106685162761,0.870287060220786,62925.556060797615],0.32364778509867626
2,GSO,8,10000,[0.01250734079891336,0.5748349613361661,0.6103577159987301,9353772.989036994,0.000587440858194962,0.8462757679609326,3368.564830692377],0.32559876262895593
2,GSO,9,10000,[0.012728001349562847,0.021090225267726838,0.9203653431562749,5873136.5891561825,0.0006026158373578282,0.8439953384345896,3175.6679216582897],0.3232374221944939
2,GWO,0,10000,[0.012741237854565947,0.0005896126474061541,0.8449987206740269,3389.458538786692,0.31809739150881905,0.856427717325777,5444.4944391391045],0.3236310642788419
2,GWO,1,10000,[0.012746942717660031,0.000589994639637547,0.8449706252730479,3378.1705787960036,0.21481179123130043,0.878401450988624,243.4767425697697],0.32361070643593737
2,GWO,2,10000,[0.012311424095385123,0.0007577969194953268,0.9386425736528965,3463.042303833561,0.0012868675954018193,0.8043521063084396,262.38905394628983],0.29247951344579143
2,GWO,3,10000,[7.24407390833213e-05,1.0,0.3305985333551133,1264463.9427529837,0.0005640400427634565,0.8580793934936509,3075.991107004274],0.4162896558898172
2,GWO,4,10000,[0.012742926740630276,0.5289233567754488,0.8792514077044283,113240.88640616603,0.0005891814762485861,0.8449867709128406,3392.3919503268467],0.3236470957851794
2,GWO,5,10000,[0.011530815122603516,0.0006515346754225093,0.8331388948195703,1350575.4185576134,0.5342080163496826,0.8224685569854088,6568.309414891312],0.6342247136539007
2,GWO,6,10000,[0.012747161118055064,0.0005895243796830715,0.844989624298356,3387.008139552466,0.3391516148015268,0.8695958467713022,33357.669919353],0.32363167070268173
2,GWO,7,10000,[0.012738609379192254,0.5096078464833821,0.9262635632216963,15753.062300913216,0.0005891530024145671,0.8449665412874162,3391.0619836767764],0.323658582328288
2,GWO,8,10000,[0.012743363032157088,0.15405011522056694,0.8801669779643183,3688359.415540799,0.0005905968895455431,0.8449409935988831,3370.7811020603317],0.3235828748387894
2,GWO,9,10000,[0.012739205288378725,0.0005899695933652691,0.845047069418848,3388.1888299497937,0.24623397128675892,0.833088181920132,15.352986009921693],0.32366681900938465
2,WOA,0,10000,[0.012800421992865955,0.0063468779619741365,0.8770978103827063,77605.30300804232,0.0006438113030478159,0.8429649521260099,2714.5184182445746],0.32139115495193227
2,WOA,1,10000,[0.012720773293520246,0.000589991522893028,0.8450411897401565,3360.3331432666355,0.18840525434882677,0.8691510293228393,8328.536829457584],0.3236071744436631
2,WOA,2,10000,[0.013896066146171249,0.002148662588502413,0.8693801563414711,1652050.264091125,0.0007701083283898667,0.8434691666182712,1614.2428791795962],0.3194935432775938
2,WOA,3,10000,[0.012954147943433237,0.0018971392350985797,0.8048985860052658,171.63883800577625,0.0007165710554993445,0.8888855423457407,3886.25649068894],0.29387282264603126
2,WOA,4,10000,[0.012793462233146952,0.0036372094272017217,0.8732906054407036,1024453.3806423055,0.0006897721739754943,0.8422652763512876,2269.1681039428254],0.3194958290315314
2,WOA,5,10000,[0.012999013719201013,0.0018397734687171836,0.8696436020108579,1134813.1614186012,0.0008242018713836589,0.8404768009172373,1410.2318975891494],0.3157986539270576
2,WOA,6,10000,[0.012757466737029951,0.0005888021849677506,0.8450704578275601,3383.483851212242,0.5492410881706369,0.8654471458219768,1898.8342301728392],0.32365119207682497
2,WOA,7,10000,[0.012985560646722488,0.0016666356889582072,0.8723594299475274,68060.946031158,0.0008575174596980536,0.8390800406170558,1265.7808395445418],0.31503522082073415
2,WOA,8,10000,[0.012799481063281902,0.02389338165907465,0.8677045589834753,132461.38566374406,0.0006019176333751308,0.844792338109143,3206.3866667162647],0.3230788473378681
2,WOA,9,10000,[0.012601944907045023,0.0007087253167629638,0.8413658853209554,2326.1354376587933,0.0032744996778911566,0.8701020347555963,2289.867382600936],0.3201850616360891
2,DE,0,10000,[0.012012785159010008,0.0007917830236285738,0.9999999999999989,2973.4324167031536,0.0009731696127814382,0.8130301410072454,342.4402190861097],0.29174900749520466
2,DE,1,10000,[0.012012785160844159,0.0007917830212375248,1.0,2973.432403978401,0.0009731696109492665,0.8130301412519773,342.44021523200183],0.29174900749520477
2,DE,2,10000,[0.012012785131967773,0.0007917830243882897,0.9999999999999998,2973.432389216141,0.0009731696108638594,0.8130301410566674,342.4402186499347],0.2917490074952046
2,DE,3,10000,[0.012012785137757446,0.0007917830180181354,1.0,2973.4323609355592,0.0009731696165704511,0.8130301407199341,342.4402130072532],0.29174900749520466
2,DE,4,10000,[0.012012785172208607,0.0007917830264357899,1.0,2973.4323786079863,0.0009731696122076943,0.8130301408742816,342.4402244993442],0.29174900749520494
2,DE,5,10000,[0.012012785197747794,0.0009731696067627924,0.8130301413993184,342.4402269557245,0.0007917830308043148,1.0,2973.432397715796],0.29174900749520466
2,DE,6,10000,[0.01201278514934889,0.0007917830294661033,0.9999999999999999,2973.432415855735,0.0009731696077819392,0.8130301413237969,342.4402274346711],0.2917490074952048
2,DE,7,10000,[0.012012785138903694,0.0009731696068783962,0.8130301412505033,342.44022371800094,0.0007917830301624848,0.9999999999999999,2973.4324262657],0.29174900749520477
2,DE,8,10000,[0.012012785147979392,0.0007917830182385126,1.0,2973.432403581095,0.0009731696163852421,0.8130301407384615,342.44021304220695],0.29174900749520477
2,DE,9,10000,[0.01201278514204536,0.0007917830283002708,1.0,2973.43242414131,0.0009731696057793267,0.8130301416403901,342.4402242478258],0.29174900749520477
2,ABC,0,10000,[0.011882375384394742,0.0015905643297201258,0.9384176625008603,3067319.858445478,0.0009121745064791393,0.8136258677992565,1577.1324288093083],0.38553211552801925
2,ABC,1,10000,[0.009970012359441982,0.12798281782319287,0.554720473097412,10000000.0,0.0007336373594637581,0.8349814975201408,5386.562258244963],0.7699744640379232
2,ABC,2,10000,[0.013206296609390017,0.37165687556943894,0.5561745551006451,10000000.0,0.0006191928354421089,0.8461707311075234,4588.416177599205],0.39686757724473715
2,ABC,3,10000,[0.008728646946984438,1e-06,0.3,0.001,0.0007070897042201676,0.8180338809156631,6324.3236431280475],0.6271039636552391
2,ABC,4,10000,[0.010871425775821028,0.047970465358008495,0.6641008503623322,1242201.4893469978,0.0006188213646762478,0.8482650885658819,4129.532716814239],0.36580696640887556
2,ABC,5,10000,[0.009052200364409272,1e-06,0.6359065448608939,0.001,0.0006114769535849176,0.8320116687515257,16293.520696797092],0.643682242117537
2,ABC,6,10000,[0.010658744402781598,0.005345480674615547,0.9505118530911184,759158.550199697,0.0007128562347133763,0.8247851496366044,3307.609658356707],0.4101313280176576
2,ABC,7,10000,[0.011265179082089587,0.004685856468147539,0.8488010134936755,48905.825360436924,0.0007538819547864568,0.8318600134576906,2554.5017727718205],0.3978946443601259
2,ABC,8,10000,[0.008543432006361151,0.18833937395616313,0.5878258574846109,10000000.0,0.0006405545406175122,0.8398295491636832,4171.071510496405],0.40719164396517366
2,ABC,9,10000,[0.013866499259518791,0.0054500747742027835,0.9848801980211789,0.001,0.00058985401627437,0.8509024501989362,4693.190096978348],0.405437209483572
