ECM-Num,GOA-Name,Repeat-Time,Iteration,Fitted-Parameters-List,Chi-Square
9,DE,0,10000,[1e-31,1e-12,1.0,1e-09,9.916250901091634e-05,0.8116288182552982,8882.339291429204],5.327068879550621
9,DE,1,10000,[1e-31,1.2445907681455045e-05,0.9927144914805068,261.8078029760277,0.00016960224627497026,0.6525620646463306,999999976119.9225],0.4452292870531209
9,DE,2,10000,[1e-31,1e-12,1.0,1e-09,9.916250936314865e-05,0.8116288176070222,8882.339340463217],5.327068879550622
9,DE,3,10000,[1e-31,1.244590760299647e-05,0.9927144921632296,261.80780258470935,0.00016960224641462046,0.6525620656402276,1000000000000.0],0.4452292870531208
9,DE,4,10000,[3.3618414744434e-17,1.2445907612882456e-05,0.9927144918411834,261.807800220116,0.0001696022466811573,0.6525620637099924,1000000000000.0],0.4452292870531208
9,DE,5,10000,[1e-31,1.2445907571078276e-05,0.9927144923459578,261.80780239950417,0.00016960224637209312,0.652562065631431,1000000000000.0],0.44522928705312076
9,DE,6,10000,[1e-31,1e-12,1.0,1e-09,9.916250829143722e-05,0.8116288190041611,8882.339158071141],5.327068879550621
9,DE,7,10000,[4.308329593832858e-17,1.2445907552477885e-05,0.9927144923023896,261.80780071056813,0.0001696022464074994,0.6525620649808724,999999997889.5728],0.44522928705312076
9,DE,8,10000,[1e-31,1e-12,1.0,1e-09,9.916250882043594e-05,0.8116288185821089,8882.339285183683],5.327068879550622
9,DE,9,10000,[1e-31,1.2445907538475692e-05,0.9927144924010854,261.80779999410447,0.00016960224678859063,0.6525620640765079,999999991964.9463],0.44522928705312087
9,WOA,0,10000,[0.0021043964451213813,1.3009600165262598e-05,0.9876842447324216,305.50195362892345,0.00015860727674819712,0.6864788762553516,27050150461.40469],0.4754972418756115
9,WOA,1,10000,[0.001620887466695967,1.2392492103947194e-05,0.9931683159002033,262.3235302307211,0.0001694362909183197,0.6524055934959628,73728601230.62852],0.44592256293438026
9,WOA,2,10000,[9.195601179765258e-09,1.2426054586603274e-05,0.9928703451626654,261.3385853310518,0.0001696251622862501,0.6524376928414529,64142607.80927696],0.44524144349281525
9,WOA,3,10000,[0.0010311443598277246,1.3122108538421519e-05,0.9873826198464232,271.88309274138805,0.00017214871367842718,0.6480184792356963,328505035962.97345],0.44997581214974186
9,WOA,4,10000,[7.416787575846956e-06,1.2476111152724976e-05,0.9924923897899335,262.8257525113063,0.00016948627156109178,0.6530317101213052,4314685300.855341],0.44523839152909805
9,WOA,5,10000,[0.00021860090153191046,1.3902503616064699e-05,0.9844590126822645,302.280873638982,0.00017775143031356148,0.6605312316844981,57861455932.43973],0.481602343962454
9,WOA,6,10000,[5.592809709508761e-06,1.2486982073642352e-05,0.992416612935491,262.80068037297815,0.00016959920332399134,0.6527780936194271,5810710732.94742],0.44523987829690304
9,WOA,7,10000,[4.032373639489859e-06,1.2471056566355098e-05,0.9925187186433972,262.68745802993635,0.00016957566291266846,0.6527650541331453,772959290889.0652],0.44523484156325455
9,WOA,8,10000,[6.783689547314776e-07,1.2412467185623257e-05,0.9929933567936892,261.9568090591173,0.00016961507610867342,0.6527753349900014,1430859538.8583765],0.4452419420583779
9,WOA,9,10000,[0.0022275874215649865,1.2195737600963883e-05,0.9943861261985241,263.6740462438451,0.00016663100659851008,0.6609739264150929,70275219633.66754],0.44870768524377475
9,ABC,0,10000,[1e-31,0.00038091377501587025,0.7014808120825671,1000000000.0,0.1,0.5,980228427802.9409],12.480685832836333
9,ABC,1,10000,[1e-31,0.0002704763569561433,0.7279457790840698,1000000000.0,0.1,0.5,975081906491.3805],9.859339225201657
9,ABC,2,10000,[1e-31,0.00019869458621295938,0.7502077955379256,143357190.2057228,0.1,1.0,981260836152.8397],7.739889774683501
9,ABC,3,10000,[1e-31,0.00031678552406068546,0.7172345461281835,1000000000.0,0.05505444632604959,0.5,10],11.044358416939023
9,ABC,4,10000,[1e-31,0.0004332724609471209,0.6922932704467777,1000000000.0,0.005095309197532198,0.5,10],13.438061761161315
9,ABC,5,10000,[1e-31,0.00023333119406368334,0.7471208544454747,167425587.20806873,0.1,0.5,484109557627.6311],8.792501764762665
9,ABC,6,10000,[1e-31,0.00021064726036483603,0.7449596609503097,17869873.79262197,0.1,0.5,456830401296.0385],8.122137151401235
9,ABC,7,10000,[1e-31,0.0002636515564648084,0.7451508341075916,1000000000.0,0.1,0.5,602886647702.0487],9.840141807299435
9,ABC,8,10000,[1e-31,1e-12,0.6,1e-09,0.00011308470308657219,0.8100888978575022,935771241754.633],6.809788232096899
9,ABC,9,10000,[1e-31,0.0005203000097473631,0.684366145672129,1000000000.0,0.056183610539866743,0.5731401239964968,10],14.697979192701801
9,ICA,0,10000,[1.9981072314759996e-08,0.00012278810037593866,0.7874657869418407,17253.14532090852,0.05466618013746913,0.9117484091006572,450114165486.0151],5.606011614623954
9,ICA,1,10000,[4.107821593686675e-12,0.00013352771663766272,0.7857361490048785,563812705.2607977,0.04013472936774063,0.5299093179281704,718697032181.2173],6.255340133034392
9,ICA,2,10000,[8.460139813880057e-14,0.00013293918465241803,0.7859438207518029,967294245.9532814,0.07404455100495767,0.5495667606689905,776926467940.3883],6.254983797882705
9,ICA,3,10000,[1.3910184948284266e-12,0.00013274109750209325,0.786182901197179,690482078.9686759,0.04705289731088277,0.7941574241091943,530052751658.0574],6.254921767706173
9,ICA,4,10000,[2.6312169986842073e-09,0.00012512109557153006,0.7860620510193278,17798.306629097486,0.061356549109129827,0.8663998693791605,232740165628.48068],5.6403698222028265
9,ICA,5,10000,[6.877184378962527e-06,0.00011674959998396411,0.7864645562801719,6308.054444406538,9.113846716794103e-05,0.7426685177609151,394670005065.65906],5.236039265459904
9,ICA,6,10000,[5.20605184728038e-14,0.00013360811473636064,0.7851450235812243,625843498.423723,0.07544606465745105,0.7006676591635053,447841705448.6721],6.255928546719267
9,ICA,7,10000,[8.221847250379981e-08,0.00013710394287309925,0.7829512309275869,19028.376641059695,0.08010603220423933,0.8415365566232806,302048666027.973],5.820098950595786
9,ICA,8,10000,[4.2971930074464025e-05,0.00013150735937155625,0.7868414745351462,21629.584400222364,0.01189325949773866,0.7042438458202975,702179450057.9803],5.706733486519874
9,ICA,9,10000,[1.443121638118285e-06,0.00011676714521504431,0.7864885052918628,6344.811334734883,9.011120802435344e-05,0.745819713855772,573477050467.1199],5.235439446909103
9,BH,0,10000,[0.015690354482250545,0.00014567347846295632,0.7592948957132428,583803484.7092339,0.05441786564743,0.624207088764793,855737623369.6199],7.597522210468935
9,BH,1,10000,[0.00018894597997137774,0.00012181245812338143,0.7958296043123795,360229236.48793226,0.09962606202589354,0.7587629263637525,639864750905.5754],6.367535454140333
9,BH,2,10000,[0.0420828679443914,0.000185101756240095,0.7492668343892438,765579980.5026159,0.09331466416246223,0.5061844988389146,18229372120.749382],8.521056842430168
9,BH,3,10000,[0.06780550055081051,0.00011927379013644177,0.8685465057786999,880330475.4588828,0.07019197850077129,0.6684449077649516,273464413070.46283],12.02919888049057
9,BH,4,10000,[0.06698940450356372,0.00017313394302521026,0.7328553265243154,271522764.91961235,0.03045270907662629,0.8384421931681083,791083233472.3949],11.99901221266947
9,BH,5,10000,[0.07172653432417885,0.00025564893897566873,0.7618763089731537,530244040.2903661,0.05308327769773832,0.7146190135363146,538438249696.9573],11.531436244340876
9,BH,6,10000,[0.017970033991777292,0.000285190087141112,0.7190451846695523,645709781.8817317,0.004625573075911245,0.9416092295998544,322270842437.1782],10.786817346130666
9,BH,7,10000,[0.06885161224534171,0.00029312179326523136,0.6985394446383334,355869061.552188,0.03930726107843362,0.8359302201208896,113525418457.19672],14.517909390346798
9,BH,8,10000,[0.0020535930429309234,0.00042091292654720334,0.6879709997222571,84943676.9161147,0.09932782530885416,0.9837952395863796,299437337513.9021],13.475564156566843
9,BH,9,10000,[0.05796464445453012,0.0002450562003538635,0.7653756287292511,29482921.28108476,0.09214836913156528,0.6876455099675285,392526563572.2747],10.942293671178648
