ECM-Num,GOA-Name,Repeat-Time,Iteration,Fitted-Parameters-List,Chi-Square
9,DE,0,10000,[1e-31,1e-12,0.8123885576931489,1e-09,0.00018349929824915324,0.812389545288608,999998652751.2401],12.35952308227615
9,DE,1,10000,[1e-31,0.00018349929716029805,0.8123895451434762,1000000000.0,1e-12,1.0,1000000000000.0],12.359522995432703
9,DE,2,10000,[1e-31,0.0001834992964826788,0.8123895455743766,999999996.3164152,1e-12,1.0,1000000000000.0],12.359522995432703
9,DE,3,10000,[1e-31,0.00018349929593315371,0.8123895465872178,1000000000.0,1e-12,1.0,1000000000000.0],12.359522995432707
9,DE,4,10000,[1e-31,0.00018349929637888338,0.8123895454989111,1000000000.0,1e-12,1.0,1000000000000.0],12.359522995432703
9,DE,5,10000,[1e-31,1e-12,0.8123990369256651,1e-09,0.00018349929937335748,0.8123895443020895,1000000000000.0],12.35952308227615
9,DE,6,10000,[1e-31,0.0001834992963778865,0.8123895456037786,1000000000.0,1e-12,1.0,1000000000000.0],12.359522995432705
9,DE,7,10000,[1e-31,0.00018349929640555003,0.8123895459892052,1000000000.0,1e-12,1.0,1000000000000.0],12.359522995432707
9,DE,8,10000,[1e-31,1e-12,0.8124206260268819,1e-09,0.00018349929809700018,0.8123895449036017,999999800366.4114],12.359523082276151
9,DE,9,10000,[1e-31,0.00018349928260342314,0.8123895498944586,1000000000.0,6.226863722242195e-12,1.0,1000000000000.0],12.359522749728468
9,WOA,0,10000,[2.202261114690199e-06,0.0001836966724410352,0.8122626104722999,44380522.422458254,0.024565686966795314,0.5996509551296557,731349693081.6594],12.359562321917144
9,WOA,1,10000,[2.9640052484318177e-06,0.00018396877479016699,0.8119914422638993,16475796.368911507,0.018152475618140325,0.5660650448704768,311572715238.3731],12.359627443817393
9,WOA,2,10000,[7.514135345027323e-07,0.0001834855342078647,0.8124094411118143,40385797.00666631,0.00182789936742797,0.6938701597266174,48896458704.185585],12.359544076387547
9,WOA,3,10000,[4.396689966353051e-06,0.00018344013209614264,0.8124477754089172,25751737.976356268,0.01967238414446112,0.6482103434042591,134315595693.3916],12.359588669616024
9,WOA,4,10000,[8.614950358098104e-07,0.00018359388058161098,0.8123154821828976,18657858.274294782,0.0005435480138764779,0.9087736512009553,10221251419.749224],12.359562458016889
9,WOA,5,10000,[2.5935577069165944e-06,0.00018376114409565097,0.8121791818733891,63501447.00177503,0.0003404247885635912,0.8212583070693319,4696075178.339308],12.359568803397224
9,WOA,6,10000,[1.1398883756799993e-05,0.00018340003911461783,0.8124583263516516,28577291.279195543,0.003883446495830654,0.61568590776569,83087661935.94128],12.359656627135537
9,WOA,7,10000,[5.719335896429586e-06,0.00018328264171787694,0.8123957210229134,71887381.65502642,0.027129312845781878,0.6744786168522728,2238330402.0995536],12.359611856351995
9,WOA,8,10000,[1.4653458590084759e-05,0.00018429833538888008,0.8119762694609293,157126411.7863201,0.03732295316502051,0.7347092802113104,207972014942.9986],12.359760391771369
9,WOA,9,10000,[6.6373377586347546e-06,0.00018349099945394972,0.8123962007141065,160097732.61244518,0.02346006943002025,0.7304911743335613,2465886679.308587],12.359592582672711
9,ABC,0,10000,[1e-31,0.00024307570798077268,0.7727838462430149,1000000000.0,1e-12,1.0,1000000000000.0],12.787969392517164
9,ABC,1,10000,[1e-31,0.00025085006854178027,0.7801817979185194,994668055.5088916,0.1,0.5,731402145140.0181],12.72482754786291
9,ABC,2,10000,[1e-31,0.00033639015710210107,0.7622897675559185,1000000000.0,1e-12,0.5,1000000000000.0],13.695366956184278
9,ABC,3,10000,[1e-31,0.0003739771706895989,0.7358382735626594,887044164.8198303,1e-12,0.5,1000000000000.0],14.01262946519507
9,ABC,4,10000,[1e-31,0.0003531371308925224,0.7551278235574536,1000000000.0,1e-12,0.5,1000000000000.0],13.807643807904249
9,ABC,5,10000,[1e-31,0.0005081318700083443,0.7181299090798995,1000000000.0,0.1,0.588187890378605,509031942382.75757],15.188993645034246
9,ABC,6,10000,[1e-31,0.0005481298459546523,0.7085183440874623,1000000000.0,1e-12,0.5,1000000000000.0],15.518666815212686
9,ABC,7,10000,[1e-31,0.0003709710708152611,0.7380704283718328,1000000000.0,1e-12,0.5,1000000000000.0],13.955337228921168
9,ABC,8,10000,[1e-31,0.00043499487212149705,0.7292180126924847,1000000000.0,1e-12,0.5,1000000000000.0],14.53906841961132
9,ABC,9,10000,[1e-31,0.0006686996197359865,0.6947438082086718,1000000000.0,1e-12,0.8122609313360992,867145443596.3158],16.379589088861003
9,ICA,0,10000,[3.43980680594407e-13,0.00018367773238022527,0.8122709964814916,590886301.3628501,0.0664694267688862,0.8367255212183597,239776583635.83688],12.359528043459585
9,ICA,1,10000,[1.4817391180062818e-12,0.00018304840131970381,0.812779110105287,495128595.0224467,0.08399436646381345,0.8910099747478112,418269587201.9039],12.359562603607902
9,ICA,2,10000,[2.439164236556499e-13,0.0001855970213326941,0.8110778785890272,525205345.1225035,0.07235614618819819,0.6988996347683645,209623425120.24017],12.360067321620926
9,ICA,3,10000,[3.6301956887018986e-09,0.00018334735945268546,0.8126126768751237,403106305.5467671,0.07846208306601733,0.6418102812990919,413622052204.8444],12.3595455220839
9,ICA,4,10000,[7.185770547416839e-09,0.00018371561314136443,0.812222128831914,531683921.4498449,0.04910723053149749,0.7341978567703505,568624372921.5459],12.359531226428963
9,ICA,5,10000,[1.4197340466857037e-12,0.00018346022185499627,0.8124214257253486,899434974.8248788,0.09572181192527988,0.6576567911594435,341144801732.5695],12.3595239224717
9,ICA,6,10000,[4.582070983499981e-06,0.00018382827555021866,0.8121332009157727,714818701.2731959,0.08508009385987407,0.6173731380944558,169061637250.6286],12.359586187463286
9,ICA,7,10000,[1.6844211658969546e-12,0.00018133241309116686,0.8137509149583956,705178431.5477968,0.03597010364356938,0.707746409982209,925280230975.8175],12.360121476312356
9,ICA,8,10000,[8.903594863078022e-11,0.00018422834213893119,0.8118052352662586,168630780.34043512,0.03808640520387636,0.7446011230703166,508646214384.1247],12.359612017316488
9,ICA,9,10000,[2.601607555795146e-08,0.00018411199464652027,0.811899059045896,949628502.6740143,0.06470595906543374,0.7358905901959012,725767127931.851],12.359584180230186
9,BH,0,10000,[0.005296955624062617,0.00026513321384446625,0.8219970301144912,809619737.9665579,0.018628331752549965,0.8413346286882892,584057629028.8455],14.693020555742494
9,BH,1,10000,[0.02976310419144952,0.00024488191507099116,0.8396105771097451,192343076.72626737,0.028957559693305105,0.5731865993724934,619582047301.2837],15.23908746570169
9,BH,2,10000,[0.035916951773488574,0.00012609843363787628,0.8695546962410097,863547963.7053313,0.00422158902003052,0.7928508740167937,849967162499.7587],13.390562991849475
9,BH,3,10000,[0.06057984701443511,0.00014605197566320478,0.8383570610871212,828681190.2274754,0.09594820130732205,0.5089952718291837,937066785954.2844],13.59464790346982
9,BH,4,10000,[0.0880713343132063,0.00013541704043630056,0.863561592721333,440917208.2980174,0.0745152047099261,0.6674492066573698,656702275434.3196],14.419536635752475
9,BH,5,10000,[0.013465169458292327,0.0004899150060074528,0.7202921474913124,59350827.3164427,0.0630109963449235,0.6049652225431899,834405187213.1584],15.339087562606258
9,BH,6,10000,[0.039830229745726656,0.00035383200016912757,0.7705904247967152,651451095.251518,0.021154077192222953,0.6963208073624366,323303830630.6098],14.992169359949234
9,BH,7,10000,[0.02727507043329355,0.0002261168007008369,0.7891485469647028,714133553.3598804,0.09491398238038727,0.6249343832849557,164175515456.15622],13.001586299512114
9,BH,8,10000,[0.022931357755534232,0.00045866207818509987,0.7348736023106734,869149170.4225129,0.06285171079654697,0.5978754528505781,690736253767.2139],15.337588380816088
9,BH,9,10000,[0.027130207866587087,0.00024220242155503568,0.7788391706180042,795070165.0158353,0.0329423911998036,0.8875796153169557,939429886414.7609],13.193001986159572
