ECM-Num,GOA-Name,Repeat-Time,Iteration,Fitted-Parameters-List,Chi-Square
9,DE,0,10000,[1e-31,1e-12,0.9999999986289675,1e-09,0.00022187380071116806,0.7944249176986692,11261.945680079136],10.731632899062987
9,DE,1,10000,[1e-31,1e-12,1.0,1e-09,0.00022187380191907241,0.794424917396788,11261.946112713418],10.731632899062989
9,DE,2,10000,[1e-31,0.00021647086788103328,0.797093336944638,10870.360047828726,0.0006916627825399908,1.0,1000000000000.0],10.71740916533815
9,DE,3,10000,[1e-31,0.00021647086429298204,0.797093338389416,10870.35965701172,0.0006916626821812723,1.0,1000000000000.0],10.717409165338152
9,DE,4,10000,[1.320455651671879e-18,0.00021647086729280872,0.7970933366385728,10870.360020244665,0.0006916627589587721,0.9999999999999996,999998952242.5851],10.717409165338148
9,DE,5,10000,[1e-31,0.00021647086566983352,0.7970933374709699,10870.360075360408,0.000691662765640209,1.0,1000000000000.0],10.717409165338148
9,DE,6,10000,[1e-31,1e-12,1.0,1e-09,0.00022187380409442641,0.794424916538801,11261.94600973558],10.731632899062989
9,DE,7,10000,[1e-31,1e-12,1.0,1e-09,0.00022187380045548505,0.7944249183212376,11261.945244998447],10.731632899062989
9,DE,8,10000,[1e-31,0.00021647086841189984,0.7970933365966943,10870.359800465869,0.0006916627477725162,1.0,1000000000000.0],10.71740916533815
9,DE,9,10000,[1e-31,1e-12,1.0,1e-09,0.00022187380154673766,0.7944249176449223,11261.945914127238],10.73163289906299
9,WOA,0,10000,[0.00013690715427328053,0.0002153580257765291,0.79787892892416,10530.295314985924,0.0008149848597559671,0.9790555536261861,87628050332.32],10.720794540663375
9,WOA,1,10000,[0.00027788404102281015,0.00021661518396553985,0.7970729184572402,10880.772859765984,0.0007580950871982574,0.9999685611972499,14759748283.686121],10.721094172754498
9,WOA,2,10000,[0.0002615861770648189,0.00023642242341732656,0.7811899542084579,40692.69682284237,9.837530039919881e-05,0.9138434726058192,13275483556.745667],11.014576302880693
9,WOA,3,10000,[2.995268210039988e-06,0.00022122672653990532,0.794802331526338,11155.480438186367,0.010213985367726127,0.9464207683768839,14996707487.905033],10.730042807511001
9,WOA,4,10000,[0.00018360664352232327,0.00022330295305054228,0.794383429554816,11194.59588817547,0.007224701567076151,0.9948493420841527,125768862105.66371],10.732502245011286
9,WOA,5,10000,[6.262744878421017e-05,0.00021581483912782895,0.7976525583243639,10907.926961539099,0.0005848341093546682,0.9961613643462649,279241656992.39526],10.718945179291486
9,WOA,6,10000,[3.981240153050556e-05,0.00021760343952916512,0.7965393365685904,10919.534858301513,0.0008483497186427251,0.9998627567727904,196572241570.0608],10.718431909159452
9,WOA,7,10000,[2.1973752602833188e-05,0.00021684684474941195,0.7969729515330307,10797.943330148335,0.0009570960215272357,0.9985016886217952,486213476.2796892],10.71890121281533
9,WOA,8,10000,[0.0005116677868454472,0.00022966842267209796,0.7921416030096305,12254.368594283333,0.0009271459002967301,0.8218329590744102,268778631306.85208],10.747655321088688
9,WOA,9,10000,[0.00010204313701483299,0.00021750739101318855,0.7963393964866444,12206.741688930762,0.00027438697146702466,0.9998430068931637,5538449449.413857],10.745602368068944
9,ABC,0,10000,[1e-31,0.000250170053230081,0.820157574757014,221249977.38906226,3.4823767790427606e-05,1.0,252289246551.14478],12.541085163258826
9,ABC,1,10000,[1e-31,0.0002680724337356527,0.7715501858180368,64024231.41784327,0.03741112196116984,1.0,616978025271.2379],11.166091172410066
9,ABC,2,10000,[1e-31,0.0006187123568785063,0.6992281896155456,1000000000.0,0.0991615824162109,0.5,525864951182.7615],14.393439799302158
9,ABC,3,10000,[1e-31,0.00025477163920524775,0.7825489363551631,1000000000.0,0.1,0.5398285663849476,10],11.180281666986774
9,ABC,4,10000,[1e-31,0.00021770594000514211,0.8036256471806066,41585231.6718993,0.0023134921960146844,1.0,310401926247.779],11.537250705096065
9,ABC,5,10000,[1e-31,0.0003489672293021448,0.7462145588675836,149523275.0468975,0.1,1.0,1000000000000.0],11.710975152141506
9,ABC,6,10000,[1e-31,0.0005769760449204492,0.7061754838649728,970385147.9416008,0.1,0.5,735841508580.0255],14.013281105658258
9,ABC,7,10000,[1e-31,0.0005700411202369492,0.710834128589795,1000000000.0,0.008661917268317741,0.5822177318450609,10],13.960483243265353
9,ABC,8,10000,[1e-31,0.00031004178384031605,0.760297927565063,92548557.72575039,0.08690325767744712,0.9184138013638398,864758551659.8799],11.367122250496719
9,ABC,9,10000,[1e-31,0.0002939529176224434,0.7691545555922634,380280023.5144783,0.1,1.0,71685393883.42178],11.286983031508017
9,ICA,0,10000,[2.906860571565249e-13,0.00026013542247840555,0.776273261504976,855788688.7691829,0.08013421916242894,0.8918749021457881,295219588276.93427],11.154950122870506
9,ICA,1,10000,[6.289457819443497e-09,0.0002594680286248383,0.776574382954058,400996112.4078172,0.05362639145024673,0.6015059948570013,410739822347.88574],11.15498963730093
9,ICA,2,10000,[3.425204547737778e-08,0.00025526408401838817,0.7745647537481696,14839.832399653164,0.04961191773770048,0.7609028010654137,591580186287.9244],10.865246810782276
9,ICA,3,10000,[0.0011167727589063937,0.0002609576731244455,0.7764528326494141,14347.304112019525,0.04914414235330451,0.8504940420963332,205198214360.25735],10.883524957764097
9,ICA,4,10000,[8.080734379809708e-14,0.00026012189475183397,0.7762776936446906,491684751.0839146,0.080393816664555,0.7132443655861659,368612140548.86115],11.154942136536327
9,ICA,5,10000,[1.204036506082256e-15,0.0002721022427816998,0.7693211865254038,322270437.5824077,0.02584417462717891,0.8716727188838347,856496944703.0612],11.17931442447144
9,ICA,6,10000,[3.261976798340615e-08,0.00026004216955019267,0.7763228512543813,478454627.8905866,0.07979519703662633,0.8390975985296975,748672110902.779],11.154942984736765
9,ICA,7,10000,[1.00778907601092e-05,0.0002486726928602159,0.7804222694120768,134102.18002077704,0.04847733036062661,0.6390913404002986,622537330851.5586],11.095257094204545
9,ICA,8,10000,[3.289447233053633e-14,0.00025917041123647524,0.7766379584267197,307203216.7448826,0.07878148795016818,0.7422514035437701,306164991959.4174],11.155034058557254
9,ICA,9,10000,[9.408489270065875e-06,0.0002603625616327041,0.7760963346813381,13645.1383754634,0.054839573801050485,0.5969373765160692,765661594809.4883],10.86513236592732
9,BH,0,10000,[0.07347146384526652,0.00027737656652170864,0.7820779789711235,196637791.92573538,0.05925119576724822,0.6484223085627496,411010162779.3674],13.049745726001579
9,BH,1,10000,[0.014556877883032615,0.00028987515648248174,0.7745785798356875,46608997.47294234,0.06747040372358826,0.6268541986521838,491027313748.573],11.563774823247542
9,BH,2,10000,[0.04726474934158779,0.00033650343950718486,0.8121613469673499,148426295.75756994,0.026950542595134776,0.9975823382631065,715871762433.1768],14.788850710149068
9,BH,3,10000,[0.023016513277814767,0.00023181408302896838,0.8237713679460814,322577138.2439916,0.005951425322182019,0.617800361343084,274589195645.4375],12.640216448150147
9,BH,4,10000,[0.019887258792300168,0.00045613751623894006,0.7139926247307948,448602166.296046,0.07485827937228123,0.8128584646991632,747760814309.952],13.586055916690336
9,BH,5,10000,[0.044454017844841515,0.0005505637166454917,0.6943640893430497,13480041.618352147,0.06585442833994534,0.7355837856385903,736591936924.9216],15.724723777600516
9,BH,6,10000,[0.005652206690545947,0.0002347706243995815,0.7556845391813564,833657448.6918863,0.025755744911086478,0.728605413869017,27110680370.889713],13.028310225057803
9,BH,7,10000,[0.004737190561463956,0.00034705335708672255,0.7678192919496263,432536616.91335034,0.08497004049573835,0.8190846229997976,357707375267.0336],12.113384170380023
9,BH,8,10000,[0.09170234125281256,0.00032208009164335185,0.756828284675629,447796097.72317785,0.06404059328879409,0.9654131689823164,454023974283.40356],14.227736125803595
9,BH,9,10000,[0.02903181712213393,0.0006635286407737475,0.7100072682777692,418147205.7737722,0.02828122131561887,0.5473213977922804,945950503819.7643],15.63650435053697
