ECM-Num,GOA-Name,Repeat-Time,Iteration,Fitted-Parameters-List,Chi-Square
9,DE,0,10000,[0.01207659103773617,3.4914071043541335e-05,0.9492773096567133,11.573068216292942,0.00017270336139408544,0.6692292920019047,61656.8486615451],0.6750695412609566
9,DE,1,10000,[0.012076590941453875,3.491407065032464e-05,0.9492773103435539,11.573067723848947,0.00017270336286620872,0.6692292904284047,61656.855206552995],0.6750695412609566
9,DE,2,10000,[0.01207659150541125,3.491407033057567e-05,0.949277311466235,11.57306733703925,0.00017270336267569822,0.6692292912934529,61656.854038492704],0.6750695412609566
9,DE,3,10000,[0.012076591846694256,3.491407041038677e-05,0.949277311156672,11.57306749137183,0.00017270336363884925,0.6692292895928336,61656.85590753332],0.6750695412609566
9,DE,4,10000,[0.012076591259922732,3.4914070207228606e-05,0.9492773114659969,11.57306737497407,0.0001727033634071906,0.6692292910468791,61656.85129711437],0.6750695412609568
9,DE,5,10000,[0.01207659107518023,3.4914071668032137e-05,0.949277308187467,11.573068437524709,0.0001727033611542128,0.6692292907131114,61656.85105322703],0.6750695412609566
9,DE,6,10000,[0.012076591197393037,3.491407094413255e-05,0.9492773100996026,11.573068126583465,0.00017270336271635596,0.6692292906655465,61656.853658871994],0.6750695412609566
9,DE,7,10000,[0.012076591117811328,3.4914070006652376e-05,0.9492773120479718,11.573067297753767,0.00017270336293061296,0.6692292922559313,61656.851234957365],0.6750695412609565
9,DE,8,10000,[0.012076591537231222,3.491406981701604e-05,0.9492773127018836,11.573067574899223,0.00017270336247748023,0.669229293036841,61656.847651608114],0.6750695412609566
9,DE,9,10000,[0.012076591251889068,3.491407044947103e-05,0.9492773112467162,11.573067570861593,0.0001727033624728936,0.6692292908084718,61656.85245432167],0.6750695412609569
9,WOA,0,10000,[0.012265639308756947,2.7405399582407807e-05,0.9693702861017063,8.0302712069107,0.0001808632124074888,0.6787729176799393,61761.43314470759],0.6800097697971986
9,WOA,1,10000,[0.002164904072021234,4.8761811847872175e-05,0.9209685373161339,22.948296975466405,0.00015677758748349927,0.6565696862970326,48158.52551160829],0.6871412215559146
9,WOA,2,10000,[0.013573575207725579,3.5070988932216724e-05,0.9498883972463605,14.395521069903529,0.00016826943355772244,0.6765916017233967,44463.7587654533],0.6788439865449671
9,WOA,3,10000,[0.009608624622126544,3.70326677364998e-05,0.9438212499592099,11.453521235311737,0.0001701743075821522,0.6658237856836121,73837.33634201027],0.6769755678607017
9,WOA,4,10000,[0.0152396260388396,2.9602272769612225e-05,0.9627092842484641,8.128659713247407,0.0001800504265432958,0.6721475093031952,108566.18852409344],0.679285132960266
9,WOA,5,10000,[0.0045170606944002385,4.4874017766584906e-05,0.9274095182174741,16.54022209161541,0.00016850734599094572,0.6496231290014904,139903.54243024057],0.6841768294360432
9,WOA,6,10000,[0.00828789753188806,3.795270885942202e-05,0.941961858846766,13.59398794768415,0.00016968910459639298,0.6647691666020139,64147.36649048596],0.6769352075146011
9,WOA,7,10000,[0.007945116530370425,4.042729392972002e-05,0.9366743216847245,13.816517909883165,0.00017003208302273043,0.6563841219857434,81497.4138252834],0.677459436264929
9,WOA,8,10000,[0.003833809918408669,4.2274218697939216e-05,0.9326342645293955,14.755513447576591,0.0001660324378743168,0.6583126292985533,61608.60725101896],0.6823713907396123
9,WOA,9,10000,[0.0002358147255907403,4.792982687416212e-05,0.9217992401956427,15.98602090342677,0.0001631056348749613,0.6437833545588257,121633.12582634328],0.6924103903940391
9,ABC,0,10000,[0.004332607709645544,5.218414580271117e-05,0.9155193044974352,15.581537806944821,0.00016544260262613613,0.6063049496908449,462236.124615886],0.7160657173732974
9,ABC,1,10000,[0.0029323736800504568,5.6753220085669196e-05,0.9058617018879218,23.022495597418555,0.00016040621459858953,0.6227093281746905,140963.5334632256],0.7004895110465482
9,ABC,2,10000,[0.006042363534980782,4.3992249002611514e-05,0.926231758816613,12.553158773174633,0.00016529642680550432,0.6614256985418774,46841.950125728545],0.7002727509260422
9,ABC,3,10000,[0.0001,5.920430121200866e-05,0.9066555057989967,42.658540827547085,0.00015830602878309075,0.6391538770930264,148741.94018323708],0.7170166756410895
9,ABC,4,10000,[0.006712540993160507,4.7732551620566915e-05,0.9232951475537967,15.81663560927476,0.00015214679263201339,0.6559838863501831,49736.977404142825],0.6954863675830633
9,ABC,5,10000,[0.005765811436171624,6.227533240371131e-05,0.9023079249059567,61.66167796673696,0.00015081174706706643,0.6280653302701613,99829.00145349235],0.7151957463271537
9,ABC,6,10000,[0.003147411631269214,5.97530157841969e-05,0.9044608801958584,34.30730914669228,0.0001563853133935755,0.6259757500307364,208182.1434750482],0.6980595549027707
9,ABC,7,10000,[0.004401233434470547,6.22022783027764e-05,0.9026336184601695,42.51542281963718,0.00014492244799505313,0.6364906156526949,51037.32285773223],0.7063474198409071
9,ABC,8,10000,[0.00883363795848731,4.515176135127819e-05,0.9276766789504368,18.591608830371566,0.00017026821204948933,0.6479085259795817,100794.8979961867],0.6823991812423098
9,ABC,9,10000,[0.0028003560717565017,6.514019888567814e-05,0.8991263700396959,38.36014902627122,0.00014783976471944454,0.6060115991162907,109520.23522316679],0.7180076933266747
9,ICA,0,10000,[0.0001000000002818091,0.00011398122498116562,0.8476668567157353,916.4923059598142,0.00011292927884999452,0.5801028685457341,273870.2897285749],0.848936074704266
9,ICA,1,10000,[0.00010000025609471717,9.349778099317901e-05,0.8663518063932978,277.75092775191825,0.00013220832821530615,0.5599175893286582,669819.2756227184],0.7797140894553565
9,ICA,2,10000,[0.00010136725684402034,0.00035646069573065105,0.7467955381471003,573.4880747007471,1.0000002687141012e-06,0.41066904365712104,457705.0674183574],5.235149389043056
9,ICA,3,10000,[0.008851581380225857,0.00016629048213252738,0.8501088691341612,106.96400702012146,1.0000011009024733e-06,0.7927580815339477,157626.91336829314],3.7966629452127636
9,ICA,4,10000,[0.0001000000056773598,0.00010104468082866609,0.8591096932392699,407.3622946643505,0.00011557680911422226,0.6068290929709813,80406.66886185523],0.7979270521945556
9,ICA,5,10000,[0.00010043604735764161,0.00013950160655811642,0.8289802971858319,909.2598968625208,9.19368265903618e-05,0.3859480747272778,430976.8620199706],1.0292480216082083
9,ICA,6,10000,[0.0004509931982293083,0.00022025763756699658,0.7734389641956775,505.1999315325693,4.172513185883797e-06,0.5160781496267832,757033.8028186966],2.6728796086439166
9,ICA,7,10000,[0.003452659999657931,9.82442697278765e-05,0.8623473177100907,391.84494778742965,0.00012628066160501786,0.5920856671801095,153792.61416252036],0.8063963562708495
9,ICA,8,10000,[0.00010000000320231922,0.00010759615207749202,0.8533677748284847,485.7931273717103,0.0001129539941883382,0.5283317167569204,785327.8696379578],0.8318316119916179
9,ICA,9,10000,[0.00010000002412816022,0.00011710124749013567,0.848095598966071,257.61343175845593,0.00011489772602358018,0.41233630992785936,458298.21749006567],0.921764862282743
9,BH,0,10000,[0.013332464257082944,8.844615580258137e-05,0.8724224342169741,263.72476443641654,0.00013940618458362395,0.5817536021782305,469431.6240611428],0.8352893720369248
9,BH,1,10000,[0.00935283213104408,9.060514925241544e-05,0.8693844950310582,241.50773723402418,0.00013437819211591695,0.5772531603010996,582327.7697505141],0.8079343374512832
9,BH,2,10000,[0.009750072518770213,8.319406542716685e-05,0.8764380301561953,139.29310498235867,0.00013803090416513039,0.5849187963967913,390916.1818640655],0.7791108154788356
9,BH,3,10000,[0.011102603135803125,8.239584352526614e-05,0.8774811078594774,144.48414851366212,0.0001405080083071192,0.586349147937035,449942.09934786096],0.7864245982234773
9,BH,4,10000,[0.013809032781290514,7.978953249570799e-05,0.8809218744363833,115.59055871653874,0.00014380074027917766,0.5777814937092554,512106.1632636045],0.792553892099491
9,BH,5,10000,[0.009031240564795966,8.169431269272334e-05,0.8788893643743539,148.72121530355395,0.00013981088162830593,0.582678952054419,557642.2532843038],0.7756227391794608
9,BH,6,10000,[0.007815909770715205,8.769109430377187e-05,0.8726254259238967,237.86304931549324,0.00014017458288151418,0.572898311106908,460392.1704277707],0.7980769314075796
9,BH,7,10000,[0.00883328388916681,8.16031157968346e-05,0.8775191575907569,118.48090724335955,0.00014073520533671273,0.585078636763253,553663.327456872],0.7689973458857075
9,BH,8,10000,[0.008400969893179623,8.395058836377196e-05,0.8760953024894476,141.66397422485264,0.00014207221871082064,0.5736767829184826,483673.7045998417],0.7771325758543061
9,BH,9,10000,[0.0066940396074220395,8.683008267838212e-05,0.8723862696499046,151.48205620691488,0.00013885477031519628,0.5697050201451727,548765.825017341],0.7766953164600987
