ECM-Num,GOA-Name,Repeat-Time,Iteration,Fitted-Parameters-List,Chi-Square
9,DE,0,10000,[1.0996824867578146e-16,0.00039236992233675363,0.779407527420921,82.84600116466771,1e-06,1.0,99999.99999999956],2.1778070376330536
9,DE,1,10000,[1e-16,6.476455510535599e-05,0.8975528790252307,1.3381625243956183,0.0002383916482232951,0.8253370289008136,18155.875351287992],1.2619155158533695
9,DE,2,10000,[1e-16,6.476455497480157e-05,0.8975528791622599,1.3381625037793885,0.00023839165089836888,0.825337027659762,18155.875244094455],1.2619155158533695
9,DE,3,10000,[1e-16,0.000392369921276417,0.7794075278260979,82.84599320112294,1e-06,1.0,100000.0],2.1778070376330536
9,DE,4,10000,[1.169065053210711e-16,6.47645554573192e-05,0.8975528786400099,1.3381625156471215,0.00023839164870418622,0.8253370289461296,18155.875153155957],1.2619155158533695
9,DE,5,10000,[1.3841643652144954e-16,6.476455487199303e-05,0.8975528795340577,1.3381625170007347,0.00023839164990562036,0.8253370280735776,18155.875584542257],1.2619155158533695
9,DE,6,10000,[1e-16,0.00039236992200387234,0.7794075272928612,82.846002211291,1e-06,1.0,100000.0],2.1778070376330536
9,DE,7,10000,[1.1369473074042839e-16,6.476455482118763e-05,0.8975528791984029,1.3381625070678635,0.00023839164894952895,0.8253370294361694,18155.875163989313],1.2619155158533693
9,DE,8,10000,[1e-16,6.476455707129295e-05,0.897552876588819,1.338162536249607,0.00023839164697867014,0.8253370291906426,18155.87492271347],1.2619155158533693
9,DE,9,10000,[1.0492817288863403e-16,0.00039236992224997474,0.7794075273907421,82.84599998080014,1e-06,1.0,100000],2.1778070376330545
9,WOA,0,10000,[5.682361485504081e-13,6.546589863546973e-05,0.8967355328683826,1.3441041801061429,0.00023830132152468313,0.8249300427078431,19298.797283873744],1.2622095975301613
9,WOA,1,10000,[2.2084032517601214e-13,5.019804698030382e-05,0.9173870934690704,1.153717303884946,0.0002583363301448649,0.8191138892431205,18640.58853220294],1.2661145791961481
9,WOA,2,10000,[9.421148838784809e-14,8.576172035973205e-05,0.8763116606101549,1.5335418916704193,0.00021531010297545384,0.8306074656302742,17464.4621069094],1.2644666734596122
9,WOA,3,10000,[1.4118083962685783e-14,7.205073309766081e-05,0.8893310965731227,1.394877869108767,0.00023116813142755882,0.8262023046951503,19587.726688491784],1.26280742964296
9,WOA,4,10000,[3.125821668124392e-13,6.524687964946647e-05,0.8970500874901355,1.3473284204976002,0.00023842161140775336,0.8248937044095757,18612.25525832843],1.2619932696063787
9,WOA,5,10000,[4.510216719405301e-13,6.795809130537343e-05,0.8939072643597734,1.369325258413795,0.00023452833658476108,0.8262767452829904,17461.78145562612],1.2620807789385926
9,WOA,6,10000,[9.727803832062054e-16,4.647467091924697e-05,0.9228215400774741,1.1676303170656348,0.0002599443181910316,0.8215338622107813,19519.45030348037],1.2647184658227555
9,WOA,7,10000,[6.930247935848558e-15,6.961733313416338e-05,0.892084616708057,1.3827358920073876,0.00023294989534215028,0.8263883915007508,18221.5695932984],1.2620782583673193
9,WOA,8,10000,[2.2362686869513765e-16,6.359901962984723e-05,0.8989213176282801,1.3260327966340122,0.00023963501441173432,0.825108982604205,18086.447520762413],1.2619285111871745
9,WOA,9,10000,[1.664753497382987e-16,5.379216934820661e-05,0.9119252178781986,1.2546362753597033,0.00025223758828310625,0.8226196902533708,17589.838439369367],1.263409322732088
9,ABC,0,10000,[1e-16,9.436796099948939e-05,0.8732126463147306,1.8220618279101077,0.00021827170398337233,0.8255613689650841,18111.12956752175],1.2897149185702945
9,ABC,1,10000,[1e-16,7.501980010548425e-05,0.8869300938433189,1.3739017591731109,0.000261879054828082,0.8096153507182717,33626.25199756293],1.3270806517281974
9,ABC,2,10000,[1e-16,0.0001341796891069381,0.8394098566439867,1.9683041710629823,0.0001619940905201572,0.8512410274393178,19447.601589591563],1.2961402826250907
9,ABC,3,10000,[1e-16,0.00010986266254379077,0.8551924848757847,1.6942856827853072,0.00017460938321374678,0.8506524646226635,15918.471595667237],1.2955540284958487
9,ABC,4,10000,[2.9055404533864633e-13,0.00010789441798230578,0.8652165522423697,1.6251525069954105,0.0001985299291197344,0.8275561221103639,16532.383307662574],1.314335279677996
9,ABC,5,10000,[1e-16,0.00010030381847693407,0.8596641385234587,1.6905515550909758,0.00020109186270251856,0.8363335803922067,27136.39501354349],1.3020844453277465
9,ABC,6,10000,[1e-16,0.00014648906541083956,0.8412563903174959,2.725466206272118,0.0001435513995581148,0.8636170237631474,17035.225077395757],1.3219976150115424
9,ABC,7,10000,[1e-16,0.0001489594767739113,0.8370707656052664,2.2417524764400545,0.00016648724365819225,0.8360081866029974,23292.10801246361],1.3099382387033172
9,ABC,8,10000,[1e-16,9.099735958834248e-05,0.8750864357365343,1.960828430342646,0.0002248182902889831,0.8203984516428723,25845.090510175312],1.3131184462814272
9,ABC,9,10000,[1e-16,0.00013227808555579213,0.847597937889718,2.000027052618076,0.00018377045907919007,0.830500592267777,22960.69724697082],1.308763197353842
9,ICA,0,10000,[4.673009440747667e-13,0.0003109490539257355,0.7931060101093588,24.112316349610808,3.310261867524326e-05,0.9954391472533018,52376.48833521856],1.7417571614156468
9,ICA,1,10000,[7.712914448249213e-13,0.0002554754400405785,0.797021778152089,4.866385113722944,6.707283872476057e-05,0.9230100666466616,32556.304895299345],1.431806342130855
9,ICA,2,10000,[4.4622080774439967e-13,0.0003327658742031514,0.7759998749300512,5.61599398663724,2.5768043061438046e-05,0.9999169575270515,56317.51248259265],1.5839903032537963
9,ICA,3,10000,[5.044978871033101e-13,0.0002672041658715626,0.7895997556524268,3.3136328455633492,6.924618191437318e-05,0.9101040839815114,57062.536258229215],1.4395758528796305
9,ICA,4,10000,[7.994425513519733e-13,0.00028153998189065426,0.7869042116503,4.7768267549159775,5.294406999009345e-05,0.9469221290566684,27435.207144543234],1.46440952881801
9,ICA,5,10000,[3.201196149727995e-13,0.00027575748471875966,0.7860779746356784,3.4460990276357886,6.15856473862649e-05,0.9213209934118438,63386.12820825191],1.4574728314590366
9,ICA,6,10000,[3.3757452795155343e-13,0.00021280455144481673,0.808003535047189,3.0766928902898947,9.413666927726814e-05,0.8986036456858262,23904.954683680517],1.3605497216185336
9,ICA,7,10000,[3.649650196972066e-13,0.00022904674049006098,0.8035276606998479,3.3389679922215034,7.825461232273024e-05,0.9129002212674197,19945.634262961572],1.3817644094572632
9,ICA,8,10000,[7.327844090869352e-13,0.0003972306335036159,0.7795345504256032,35.750876157720704,1.0659265215296863e-06,0.3592354038540474,61727.374644355026],2.224347307783021
9,ICA,9,10000,[8.529447704109583e-13,0.000444892795369707,0.7729276325375763,28.63469813829821,1.989894816585523e-06,0.4120670383480915,65432.85801330103],2.389177862939642
9,BH,0,10000,[3.9425856700906487e-13,0.00015041310880348826,0.8346879068672235,2.2121719897571706,0.00015934992985440044,0.844680759307578,19727.293247440746],1.2980525751637715
9,BH,1,10000,[4.4184753137444627e-13,0.00012362631454313936,0.847766866664762,1.811177047777157,0.0001853859720874118,0.8357290405315283,19120.000214815354],1.2816082422835353
9,BH,2,10000,[6.053756503718464e-13,0.00013477786704808279,0.8421703365598256,2.027271125497557,0.00017030203102138638,0.8426409596409294,20392.045531579337],1.2866346093448677
9,BH,3,10000,[5.506569658026098e-13,0.00013683059668514214,0.8407905196192103,2.0505745993193143,0.00017414203671482404,0.83858703462409,20818.89485027963],1.2917166693089843
9,BH,4,10000,[4.68199366165703e-13,0.00014011189722090985,0.8393049017555372,2.0893372226502205,0.00016551988090769524,0.8434289276042927,19369.101817892002],1.2894261013746928
9,BH,5,10000,[4.425592150951072e-13,0.00014668728405999094,0.835307210224333,2.095709801748919,0.00015832420578086893,0.849271459779854,20417.461866449965],1.293427697056838
9,BH,6,10000,[4.4915638720935816e-13,0.0001336722554283296,0.8433077501564302,2.050387775753708,0.0001766289014060012,0.837188794872482,21010.793219042247],1.2902189071514323
9,BH,7,10000,[5.326419598537077e-13,0.00014155722678006234,0.8384994806320482,2.1990074384809253,0.000166724137531108,0.8415077387126171,21260.596732655456],1.296115706800854
9,BH,8,10000,[5.461578857661937e-13,0.00015101389850920313,0.8342686642263896,2.281464176700206,0.0001582904196727647,0.8459316368498616,20225.069746843157],1.2996134597658984
9,BH,9,10000,[5.060937944330413e-13,0.00014567543466710554,0.8372889583769836,2.261961283685483,0.000161107714041437,0.8453401836170132,18741.88255034044],1.2953878124190854
