ECM-Num,GOA-Name,Repeat-Time,Iteration,Fitted-Parameters-List,Chi-Square
9,DE,0,10000,[3.2276800107907104e-18,0.00024856702255509684,0.8239001226124423,382.26934947155615,0.004051081046294229,1.0,999999.9999999644],4.040627521479464
9,DE,1,10000,[1e-18,0.00024856702242345827,0.8239001226615147,382.26934880563186,0.0040510809884882265,1.0,1000000.0],4.040627521479465
9,DE,2,10000,[1e-18,0.0002485670232245329,0.8239001226480954,382.26935008711337,0.004051081050311785,1.0,1000000.0],4.040627521479464
9,DE,3,10000,[2.505548189319156e-18,0.0002485670238217551,0.8239001220413632,382.2693508519195,0.0040510810130849235,1.0,1000000.0],4.040627521479464
9,DE,4,10000,[3.2965166548637566e-18,0.00024856702351362,0.8239001223571791,382.2693493849653,0.0040510810768762204,1.0,1000000.0],4.040627521479464
9,DE,5,10000,[8.23324526392567e-18,0.00024856702331118024,0.8239001226470385,382.2693522211402,0.004051081030898677,1.0,999999.9999999992],4.040627521479464
9,DE,6,10000,[1e-18,0.0002485670225723936,0.8239001225487975,382.26935212785526,0.004051081059115748,1.0,999999.9999998651],4.040627521479465
9,DE,7,10000,[3.236282925070499e-18,0.00024856702314432933,0.8239001225261835,382.26934983913605,0.0040510810323735455,1.0,1000000.0],4.040627521479464
9,DE,8,10000,[1e-18,0.0002485670229240311,0.8239001225936691,382.26935188513045,0.004051081051843031,1.0,1000000.0],4.040627521479465
9,DE,9,10000,[1e-18,0.00024856702437517,0.8239001218846586,382.2693514577056,0.004051080995475742,1.0,1000000.0],4.040627521479465
9,WOA,0,10000,[8.758054326417478e-16,0.0002484040150124589,0.8239562020437614,383.2746315804778,0.00410941869786099,0.9999915430963584,505999.3337419291],4.0413127644679525
9,WOA,1,10000,[8.212392577252688e-16,0.0002484384716609028,0.8239704586800436,381.36292851615383,0.004038653423536203,0.9999879963684998,172022.27919601134],4.042426165873977
9,WOA,2,10000,[2.9790048607183275e-17,0.00025040131159238804,0.8231568119843787,382.71482320998035,0.0040914021483961244,0.9997540179514068,522804.56222741614],4.041512860094473
9,WOA,3,10000,[1.389129126577351e-15,0.00024653889380799206,0.8240571630453826,380.894344870383,0.004073072042557596,0.9999883967184691,144981.10574248352],4.04370888753665
9,WOA,4,10000,[5.221102054376105e-17,0.00024722590440581977,0.8242690961337833,380.4439063286912,0.003994046782600249,0.9999259871856023,145772.55727587055],4.043334659812813
9,WOA,5,10000,[1.7403422696984074e-15,0.0002509941735466866,0.8229796411070437,382.63728580493313,0.004018573988776344,0.9999492953999878,394227.80131728883],4.041634758917095
9,WOA,6,10000,[5.914156325542259e-16,0.0002508197271121804,0.8230134895433281,382.33167656920597,0.004058870759600247,0.9999921375114764,561421.5049305327],4.0411881483832675
9,WOA,7,10000,[1.373410140070151e-16,0.0002475198081053928,0.8245398494759233,381.1303263807102,0.00404033248999363,0.9998878451060922,285543.44155065046],4.041824213908245
9,WOA,8,10000,[9.527457531086662e-17,0.00025046497507614563,0.8231426100013923,382.77327685824497,0.004077965460293044,0.9999959047351454,124059.43034447805],4.043415210483174
9,WOA,9,10000,[2.1843933270247963e-15,0.00024929340082954836,0.8236694005923864,382.57649924133824,0.00407374901315148,0.9999872911109768,33039.03470573606],4.051339111941377
9,ABC,0,10000,[1e-18,0.0002486945014849872,0.8234811304212233,379.03341660935547,0.0040529395043932765,1.0,1000000],4.041142183669725
9,ABC,1,10000,[1e-18,0.00025037164983438665,0.8238470463229727,383.1022085891255,0.004053534974220294,1.0,1000000],4.041503995347289
9,ABC,2,10000,[1e-18,0.0002479767055515277,0.8239775696922117,381.8246395567375,0.004051471655653734,1.0,1000000],4.040685421827034
9,ABC,3,10000,[1e-18,0.0002476495501446988,0.8241675882336569,377.9527873593517,0.004049614428312295,1.0,1000000],4.041077720908351
9,ABC,4,10000,[1e-18,0.00024472203620395786,0.8251964844821902,381.88182094836776,0.004077401215982783,1.0,1000000],4.0415363271094
9,ABC,5,10000,[4.366437639139411e-18,0.00024821416613771076,0.8239602978856198,377.77229631054314,0.004048317918097579,1.0,1000000],4.041129529770421
9,ABC,6,10000,[1e-18,0.00024827698204461747,0.8234824618786097,382.97137595999874,0.0040450477503264,1.0,1000000],4.041151477824527
9,ABC,7,10000,[1.3654337528045256e-17,0.000247821363847399,0.8243872303816887,382.6572592715631,0.004019048807467931,1.0,1000000],4.0408310721061484
9,ABC,8,10000,[1e-18,0.0002472732817974479,0.8240646930770653,384.2564153953829,0.0040769128971450685,1.0,1000000],4.041141792810694
9,ABC,9,10000,[1e-18,0.0002470791783404967,0.8240994144241208,380.9276687366661,0.004020766183863175,1.0,1000000],4.0410792492258425
9,ICA,0,10000,[2.7730989953987185e-15,0.0002510548270664333,0.8227702982072881,383.2183268835574,0.004062507612646506,0.9999999999989144,865382.729092918],4.041048637266873
9,ICA,1,10000,[5.879921913908817e-15,0.00024992180545436174,0.8232720322179127,382.3305193986438,0.004022421466148436,0.9999999848164156,701088.6727248696],4.040972798883406
9,ICA,2,10000,[3.4987306985084686e-15,0.0002527698185438968,0.8220129335299826,384.2400305829316,0.004041382918284077,0.9999999999923235,981058.8826037963],4.041626494414939
9,ICA,3,10000,[2.897335102037583e-15,0.0002535644847652746,0.8218650888812541,383.16272384378345,0.004048882508965704,0.9999999999992878,368311.1657781037],4.0425022219196025
9,ICA,4,10000,[1.4444305150905101e-15,0.0002581561410076652,0.8202984345267943,386.7744468777759,0.004086401196820454,0.9999999999990495,525225.5371977426],4.045358121774993
9,ICA,5,10000,[5.3643065190519395e-15,0.0002635793988072974,0.8174340931888436,398.6530263214766,0.003996373263528741,0.9999999999709999,763336.68312341],4.055273852139535
9,ICA,6,10000,[5.970797047465128e-15,0.00025019291957037844,0.8232327756841039,382.4450716649715,0.004053234545134709,0.9999999999999638,839249.3592275553],4.040834810314285
9,ICA,7,10000,[3.4825176526127247e-15,0.00025260666481576234,0.8234761859505193,378.5100975490168,0.004044293929334954,0.9999997178013217,186934.74702513978],4.045925944749512
9,ICA,8,10000,[6.579185835496423e-15,0.00022274869393195857,0.8361839504556352,353.0066213290835,0.0038741841611054377,0.9999997388534357,676408.6982523637],4.093611491688441
9,ICA,9,10000,[5.940122535866083e-15,0.00025232953298271523,0.8224168044728642,384.1155545818205,0.00411115046860982,0.9999844166635057,476387.75769113493],4.04203259496473
9,BH,0,10000,[4.945094018243224e-15,0.00024935665193947566,0.8235794303246498,381.0906440675393,0.004054282973455379,0.9964747055816827,703793.0143378812],4.044385974735335
9,BH,1,10000,[4.32172249013952e-15,0.00024892144891562845,0.823829694752005,382.33061872418295,0.004056684184138299,0.9982602524092901,649625.2728758906],4.042604209875609
9,BH,2,10000,[4.527898352451919e-15,0.00024873011749800407,0.8238292246420321,380.8556115975257,0.004050387281566978,0.9950079263187568,674390.4741171026],4.0458511138550355
9,BH,3,10000,[6.123397821990238e-15,0.0002486989844941099,0.8238206649064348,381.90407598313226,0.004047638781121525,0.997246879968612,598248.550981268],4.043662838702122
9,BH,4,10000,[5.954163374670609e-15,0.0002503743691810216,0.8231427220952121,381.3052354396678,0.004061533879544059,0.9962167944223579,613109.2026751757],4.044882630936973
9,BH,5,10000,[4.9574701385978735e-15,0.0002487165858223611,0.8238200423257125,381.20584012219354,0.004051891476047846,0.9966550707037691,714578.8470863082],4.044153746495467
9,BH,6,10000,[5.354783549874413e-15,0.00024921399037313477,0.8236213584500227,380.87213780103986,0.00405240862515578,0.995510127159847,570764.7531837121],4.045470149303013
9,BH,7,10000,[5.815366302481451e-15,0.00024860026314598403,0.8239157960850488,381.0489604082528,0.004057182376574744,0.9959633277189046,656197.7201181902],4.044898526786813
9,BH,8,10000,[4.686618917828796e-15,0.0002494524927515693,0.8235560675587377,381.290366332405,0.004047826478534963,0.994576029575752,679195.3860153084],4.0463431860403585
9,BH,9,10000,[5.459200954466566e-15,0.00024934068016161694,0.8235851498668412,380.5455020640619,0.004054767345887985,0.9940756177505864,611501.5609080439],4.046893172162523
