ECM-Num,GOA-Name,Repeat-Time,Iteration,Fitted-Parameters-List,Chi-Square
9,DE,0,10000,[1e-10,1.575053666047586e-05,0.9785990977086494,1.0000000000019016,0.00011724768512613676,0.3789191043435164,1000000.0],0.8500483965008446
9,DE,1,10000,[1.0000000295528074e-10,1.5750536779397634e-05,0.9785990971260716,1.0000000000096272,0.00011724768490114242,0.37891910393124467,999999.9999997331],0.8500483965008446
9,DE,2,10000,[1.0000003388865437e-10,1.575053662883516e-05,0.978599097960795,1.0,0.00011724768501491895,0.37891910431380366,1000000],0.8500483965008448
9,DE,3,10000,[1.0000003377041343e-10,1.575053672667986e-05,0.9785990973134179,1.0,0.00011724768471708606,0.3789191047279591,1000000],0.8500483965008445
9,DE,4,10000,[1.0000003765934996e-10,1.5750536681805645e-05,0.9785990976517747,1.0,0.00011724768492964518,0.3789191050692447,1000000.0],0.850048396500845
9,DE,5,10000,[1.0000005892494968e-10,1.5750536780411908e-05,0.9785990971624667,1.0000000000045386,0.00011724768511183641,0.3789191034756231,999999.999999705],0.8500483965008446
9,DE,6,10000,[1e-10,1.575053672379084e-05,0.9785990973732639,1.0,0.00011724768527686097,0.37891910455015887,1000000.0],0.8500483965008448
9,DE,7,10000,[1e-10,1.575053693775706e-05,0.9785990963182207,1.0,0.00011724768517768467,0.37891910100492426,1000000.0],0.8500483965008446
9,DE,8,10000,[1e-10,1.575053665077573e-05,0.9785990978632053,1.0,0.00011724768453213803,0.3789191047529047,999999.9999997328],0.8500483965008447
9,DE,9,10000,[1e-10,1.5750536740824038e-05,0.9785990973587125,1.0,0.00011724768492968178,0.3789191041822403,1000000.0],0.8500483965008447
9,WOA,0,10000,[3.5775650460976517e-07,1.554144566141231e-05,0.979880717337857,22.306494246059508,0.00011225052868730607,0.3941907053107957,137782.2884040611],0.8510089235834853
9,WOA,1,10000,[1.0387468449346354e-09,1.6204300861312134e-05,0.9764668742069613,135.64895753992124,0.00011546524362326728,0.3923148703135176,220785.84036807594],0.8512335070575591
9,WOA,2,10000,[1.0546463901723008e-07,1.5646370650971896e-05,0.9785917151734822,3.0129913344580728,0.0001121663319242979,0.3958269497158404,128704.57533168657],0.852429040334021
9,WOA,3,10000,[6.525924640481808e-10,1.6154649531595615e-05,0.9765880425550496,115.83739984575504,0.00011251298640965595,0.39705885378968053,148773.23781284585],0.8517128879508656
9,WOA,4,10000,[1.6325011387193586e-09,1.5815178957199056e-05,0.9787255651302552,130.71052774541673,0.00011123139280984152,0.4049642262991087,109178.24660026346],0.8519517765376675
9,WOA,5,10000,[1.819065526793385e-07,1.581942208388217e-05,0.9785896554498458,105.9990987679012,0.00011071191793758489,0.40398995071964033,99130.57285332908],0.8518518266259788
9,WOA,6,10000,[1.1309441267539568e-07,1.584059283928787e-05,0.9782783619988518,38.15952728187935,0.00011367509464940398,0.38971666227685914,179727.38091462597],0.8508512408342302
9,WOA,7,10000,[7.893331670434404e-08,1.6034734312654854e-05,0.9771584064080692,83.79098222079861,0.00011439071685125942,0.39168048955770807,199402.28038855828],0.8510312407328579
9,WOA,8,10000,[3.0606919351130464e-09,1.6374716994583567e-05,0.975617471268003,180.99057760348987,0.0001162797345258148,0.39348165897137993,245505.27237191386],0.8516986174717971
9,WOA,9,10000,[1.299867688563381e-07,1.590447857157005e-05,0.9777938050024064,23.84821559860802,0.0001125674007953489,0.3859782007283633,130861.84972788912],0.8522959408894653
9,ABC,0,10000,[1e-10,1.5838529147326416e-05,0.9749971546353615,86.1495676169478,0.00011412112262340016,0.40079567919417614,172358.91363149823],0.872377078275296
9,ABC,1,10000,[1e-06,1.308283666542662e-05,1.0,1,0.00011735739143571798,0.4324330544655832,1000000],0.9369832057421472
9,ABC,2,10000,[1e-10,1.6575764924715592e-05,0.9771802511109631,890.465224734408,0.00012714902575596625,0.44549640781315775,907318.9309367922],0.9197201450791795
9,ABC,3,10000,[1e-10,1.771532604897491e-05,0.964382823725999,540.3911809601167,0.00012173007894472409,0.441175919146113,182828.37268230756],0.923179365923643
9,ABC,4,10000,[1e-10,1.7937124822511896e-05,0.9688865346250829,776.2139817126457,0.00011794638022713686,0.4385813655334844,86318.70791765375],0.8775772598424535
9,ABC,5,10000,[1e-06,1.1962962104281435e-05,1.0,1,9.304132648417306e-05,0.510816077828895,43253.161352434174],0.9624595546476971
9,ABC,6,10000,[3.091854040859123e-07,1.2495370119291436e-05,1.0,1,0.0001132188897461304,0.42882827587079925,93659.74030229164],0.8840816796037765
9,ABC,7,10000,[1e-10,2.0539795594958675e-05,0.9542114862065232,963.4519263280107,0.00012456482009918864,0.4412050781891748,151023.59984156728],0.9188399105358906
9,ABC,8,10000,[1e-10,1.6491667387197415e-05,0.9791326819657543,763.02761157826,0.00012075704045692958,0.4628864885252535,627555.9743216509],0.9301854871577104
9,ABC,9,10000,[1e-06,1.3505221693000085e-05,1.0,252.22680419876656,0.00013484108465377446,0.43148895378955393,1000000],1.0298095476378601
9,ICA,0,10000,[5.189911172850001e-07,2.1764752603826834e-05,0.949227986710234,1232.1221346224406,0.0001285956756818636,0.40545693642217323,919527.1967438781],0.927463109271081
9,ICA,1,10000,[1.7836466902056462e-07,1.8758733281607234e-05,0.9626022608248695,517.0387603001877,0.0001225764512154464,0.38901758593846664,517365.4358670687],0.8691649447063343
9,ICA,2,10000,[3.3009306586144496e-07,1.768145962481885e-05,0.9686486507202043,380.7426672033017,0.00011936619606210794,0.3916586318467496,473546.2943347824],0.8576219973776891
9,ICA,3,10000,[2.8033018001735056e-07,2.629400306858532e-05,0.9320066660078465,4067.1932742936424,0.00019551537862686142,0.5118630815163544,915886.1473149785],1.1632109053889472
9,ICA,4,10000,[5.569943756665411e-07,1.925584022610731e-05,0.9610177235786111,954.59996661554,0.00012860498200078374,0.4183787743811634,532777.973653268],0.8902926660992498
9,ICA,5,10000,[6.829223684610899e-07,2.2028660596118253e-05,0.9480848300366584,1405.2780688711186,0.00011795717681931252,0.4052813185932985,612821.0384868206],0.9838332389821204
9,ICA,6,10000,[5.022658471494931e-07,1.589098854573382e-05,0.9777483523638301,1.1072927025728156,0.00011713708963358917,0.3777726434509978,999999.9999971263],0.850124931395357
9,ICA,7,10000,[5.394686127732871e-07,1.822740700497547e-05,0.9658537980553231,567.5070354718785,0.00012279044447375796,0.39656567928643033,949797.3489805281],0.8654549334067979
9,ICA,8,10000,[7.715134596967917e-07,1.677249336378119e-05,0.9734048859157656,194.30296196629712,0.00011874442163254447,0.38278442245092403,888987.8471851925],0.8523152363980899
9,ICA,9,10000,[8.064988284463668e-07,1.8528187362193515e-05,0.9640764765338454,578.0627384322904,0.00012204794321691709,0.3972442240390534,975077.6851672434],0.8671986917622471
9,BH,0,10000,[4.89992008771988e-07,2.1282112614641933e-05,0.9507449771001656,1086.4192189438095,0.0001259996148645984,0.4079333385658915,530544.9816346653],0.9154923051814213
9,BH,1,10000,[4.682942351596378e-07,2.06369239979167e-05,0.9536006372302959,1020.4049847800185,0.0001259956165834493,0.41089047370741405,416182.8382396552],0.9037315309345831
9,BH,2,10000,[4.554120634754079e-07,2.0820193755370933e-05,0.9528959982055457,1104.8588023859347,0.00012812809157484206,0.4154055079070574,635441.6597691083],0.9094958510955032
9,BH,3,10000,[5.272754983295943e-07,2.051447377700154e-05,0.954197090507051,1038.6930483027554,0.00012682944578051682,0.4123988655847348,437588.16861816816],0.9029060816325813
9,BH,4,10000,[6.66304882014453e-07,2.0261787947686568e-05,0.955457375037627,904.7378495386032,0.00012534265058434502,0.4016801127801485,517534.60539212986],0.8945805674789349
9,BH,5,10000,[4.5684978025118663e-07,2.006792113161821e-05,0.9566149845184931,944.867293107596,0.000125547402740258,0.41091201625982454,542657.7116822912],0.8933062270496551
9,BH,6,10000,[4.3067075378289737e-07,1.982576920617675e-05,0.9576372367944683,819.5077225402281,0.0001247812718401711,0.40250288783533283,667432.9133514571],0.8863796602129219
9,BH,7,10000,[6.296568052463525e-07,2.074412672761068e-05,0.9535043687193188,1094.8525367127781,0.0001271505002186581,0.4169988418416658,596498.6878326505],0.9075223424743333
9,BH,8,10000,[4.844219117214173e-07,2.0514723838118574e-05,0.9543403151221925,938.9813576675474,0.0001251098317480805,0.407100757349229,507085.71531422395],0.8991077285313612
9,BH,9,10000,[5.624541882059325e-07,2.0505213295535247e-05,0.9546824931668364,1018.782112892321,0.00012648983773330788,0.4121223753171483,566223.8568743842],0.9012565500945663
