ECM-Num,GOA-Name,Repeat-Time,Iteration,Fitted-Parameters-List,Chi-Square
2,GSO,0,10000,[5.983283819707643e-07,9.943450486882101e-05,0.8392833108998352,0.42847253604043795,0.012603587258945777,0.6766522173195523,25.260568271966637],0.13314445722164236
2,GSO,1,10000,[6.508536035661524e-07,0.0002988382203684299,0.7531695394214082,0.4598068198312103,0.01221082584523756,0.6858618289370362,24.807778629770095],0.2230617816064972
2,GSO,2,10000,[6.917913515775615e-07,0.00038759443278197394,0.7328702588738382,0.46832059093060624,0.012117137923765637,0.6882193713237003,24.690925803856143],0.2542691001619135
2,GSO,3,10000,[3.707858766128316e-07,0.00012153888601926234,0.8227088889631098,0.43337730107593553,0.012510994491561405,0.6784468286182239,25.159642796682675],0.14468890635915221
2,GSO,4,10000,[8.913500618858477e-07,0.00025986744613624096,0.7636535170110903,0.45570515410470247,0.012230296309552368,0.6851933665427024,24.828141442051667],0.2079339411102865
2,GSO,5,10000,[8.508174455726381e-07,0.0005839895111023998,0.7006544681519802,0.4823040334345859,0.011981510231662527,0.6918084863176368,24.54677661276508],0.3110321700965728
2,GSO,6,10000,[7.733963575229152e-07,0.00019867590653434452,0.7851294347854803,0.44796380433619126,0.012322797004871579,0.6829424795742498,24.942298389974425],0.18168380952666122
2,GSO,7,10000,[6.076401443054842e-07,0.00038259847423539975,0.7334071152347745,0.4678122972738066,0.012117988119536386,0.6881515235062116,24.694165070770552],0.2527199273751283
2,GSO,8,10000,[3.234648575667038e-07,0.00016423298822290072,0.8000031132350732,0.4422764170284999,0.012398955593220216,0.6812829684108881,25.01530341186893],0.1656065803602748
2,GSO,9,10000,[8.338911231955807e-07,0.0003578352243160244,0.7388938684844409,0.4653988021685385,0.012174898213469953,0.6871346113020973,24.74640812484806],0.24431744677079514
2,GWO,0,10000,[1.1672646085256577e-10,3.799889621345398e-05,0.9147768147667378,0.4012022221667407,0.013069774485617192,0.6666255551883494,25.797186177276384],0.11166490547717417
2,GWO,1,10000,[1.6223453353510654e-08,4.1266384539146925e-05,0.9082674094120963,0.40352058710437816,0.013016126654159826,0.6676592231238541,25.73152031467843],0.11138415814133343
2,GWO,2,10000,[2.5637819022273916e-09,4.1625910839160526e-05,0.9075969953365336,0.4036869092610573,0.013018778034380951,0.6676458093338898,25.735994682242392],0.11137790555679926
2,GWO,3,10000,[8.594005289244399e-08,3.68888144421297e-05,0.9170780408695681,0.4004851809573465,0.013071737898959662,0.6665266145513513,25.799536366575694],0.11186290221732931
2,GWO,4,10000,[1.040802063704547e-10,3.683595759979645e-05,0.9172114996659054,0.40039072427692046,0.01308073615570577,0.6663679494936922,25.79717452816257],0.11187418012648215
2,GWO,5,10000,[4.15814565736559e-07,4.161909607685736e-05,0.9076006109762709,0.40378736648142016,0.013009339739234413,0.6677919749791457,25.719974591122355],0.11137853350069093
2,GWO,6,10000,[7.370907956625102e-07,4.324584732508609e-05,0.9045971781835059,0.4047219792169529,0.013000912817658894,0.6680353764489908,25.718719662795177],0.1114034920850192
2,GWO,7,10000,[5.746597361936376e-08,4.059388443557862e-05,0.909563679952769,0.40294043869045765,0.013034325565215677,0.6673465023233179,25.753482513857907],0.11140834054244153
2,GWO,8,10000,[8.563198321706851e-08,4.385028931674518e-05,0.90350460289533,0.40509914413661524,0.012989555926911858,0.6682190422325625,25.701694738430444],0.1114333385687686
2,GWO,9,10000,[7.976515241956136e-07,4.183580915360265e-05,0.9071938900948086,0.40385424985570445,0.013012424170574093,0.6677597255091597,25.728136280639877],0.1113766401293778
2,WOA,0,10000,[8.7314372731049e-09,4.974204993511736e-05,0.8932776757984734,0.4072736725819604,0.013006712378297942,0.6688455371249777,25.33628193050369],0.1131522823925321
2,WOA,1,10000,[5.78204762622987e-08,5.285376940664234e-05,0.8888590114810823,0.410332241141749,0.012883409689517207,0.67034028687569,25.56936514426838],0.11294127930164671
2,WOA,2,10000,[9.235566601126436e-09,3.957715318647936e-05,0.911524065374812,0.4018959879088521,0.013075337807505171,0.6667055882040204,25.82642691516563],0.11148974235993654
2,WOA,3,10000,[1.1125639828228216e-08,3.674972093208166e-05,0.9173789262314654,0.40037205856911956,0.013093111158870789,0.6662108014604412,25.836505275383463],0.1118945323937219
2,WOA,4,10000,[1.429726788770966e-09,4.404989888185328e-05,0.903152356859827,0.40524209833849606,0.012993199220499864,0.6682193843389838,25.70619166182767],0.11144586221472261
2,WOA,5,10000,[2.8565137781589065e-09,4.251222345127054e-05,0.905937076137031,0.40446475087346545,0.01299047162623719,0.6681389085280225,25.69975940215282],0.1113826989484123
2,WOA,6,10000,[1.6335695064267535e-07,4.046954293921304e-05,0.9099663142366643,0.40720089913050733,0.01267865239857577,0.6723076505441143,25.445310768245193],0.11237328495876324
2,WOA,7,10000,[1.2019595380881945e-08,4.4141934026282265e-05,0.9030252124549424,0.4046314952616908,0.013046575359570205,0.6674249550822985,25.791513511008493],0.11148111889178382
2,WOA,8,10000,[8.465830613125486e-07,4.34829748512371e-05,0.9038631971097939,0.40530192442694346,0.012832607868613401,0.6701995537379575,25.449898534035125],0.11166055495862522
2,WOA,9,10000,[5.407681024207e-08,4.7993157295112576e-05,0.8964173411180275,0.40744158943030234,0.012952752894299977,0.6690517564648351,25.663983600890553],0.11190705046336151
2,DE,0,10000,[1.0000001158023602e-10,4.195604772003026e-05,0.9069707318465986,0.40395115854647096,0.01301158068790874,0.6677821753138754,25.72792438755391],0.11137596815292423
2,DE,1,10000,[1e-10,4.195604730516327e-05,0.9069707328757681,0.403951158453292,0.013011580661915786,0.6677821757242193,25.727924338719028],0.11137596815292426
2,DE,2,10000,[1e-06,0.001,1.0,0.001,0.04511739433168124,0.4052482789850258,231.80987657783356],3.4954182949090002
2,DE,3,10000,[1e-06,0.001,1.0,0.001,0.04511739449371761,0.4052482786417974,231.80987274580065],3.495418294909
2,DE,4,10000,[1.0000002695361886e-10,4.195604745449696e-05,0.906970732361624,0.40395115905406964,0.013011580666826911,0.667782175597373,25.72792435143798],0.11137596815292418
2,DE,5,10000,[1.000000124542678e-10,4.195604730017817e-05,0.9069707327857369,0.4039511584425538,0.01301158074571509,0.6677821745601655,25.727924441462136],0.11137596815292428
2,DE,6,10000,[1.0000003379277175e-10,4.1956048168550464e-05,0.9069707311627704,0.4039511591270651,0.013011580673940001,0.6677821754603298,25.72792434996495],0.11137596815292422
2,DE,7,10000,[1e-10,4.195604686938819e-05,0.9069707335960633,0.4039511583772557,0.013011580699401308,0.6677821751934404,25.727924425454486],0.11137596815292429
2,DE,8,10000,[1.0000001467832337e-10,4.1956046848014627e-05,0.9069707336075354,0.4039511582365301,0.01301158073124163,0.6677821749321873,25.72792448477482],0.11137596815292425
2,DE,9,10000,[1e-10,4.195604736210983e-05,0.9069707325734218,0.4039511584612918,0.013011580733607376,0.6677821748225624,25.727924389855218],0.11137596815292423
2,ABC,0,10000,[7.331358899065752e-07,5.256763208578015e-05,0.8895456341993669,0.4069720969666973,0.015241776053014529,0.6521995019211628,26.686370281241498],0.17565780811002007
2,ABC,1,10000,[1e-10,7.57571391323049e-05,0.8611920556074866,0.42590113084506587,0.012667419495411683,0.6773543108346363,29.30767655526261],0.20106180358674852
2,ABC,2,10000,[1e-10,0.0002138410594731255,0.7835569919891903,0.4341068844650134,0.014370520793027256,0.6560622061831296,27.774985941839475],0.2194497865719233
2,ABC,3,10000,[1e-10,0.00014190690847950638,0.8080358780191702,0.4152595012193174,0.014433842375485732,0.6564376601929591,26.786347788612492],0.18992793577235892
2,ABC,4,10000,[1e-10,0.00023747623914272881,0.7733943834116066,0.4358605598398143,0.014604319139437752,0.6398182110245805,28.774315819852408],0.3017733931138361
2,ABC,5,10000,[1e-10,0.00016864919349102346,0.7864154206321373,0.39893795216174355,0.013161890082464689,0.6632594475368606,27.95295926066923],0.27994331371446823
2,ABC,6,10000,[1e-10,0.000138279054352355,0.8183179419051727,0.42780848182918363,0.01383278301520015,0.6599853694971406,29.33954495827393],0.20453080232848597
2,ABC,7,10000,[1e-10,8.53111388284526e-05,0.8460848289676484,0.4338186155756001,0.013332017966732031,0.6701956753004853,29.023349958938777],0.1895047354633769
2,ABC,8,10000,[1e-10,0.0003930249514142898,0.731850308557053,0.45706458938621286,0.011629186194176645,0.6932688551678317,23.97942161500753],0.26358330405214664
2,ABC,9,10000,[4.2985676525465387e-07,0.0001101859179712217,0.8371842291120718,0.39717009039461526,0.017519471014771252,0.6253418833042166,30.669750641501764],0.2729082349684115
