ECM-Num,GOA-Name,Repeat-Time,Iteration,Fitted-Parameters-List,Chi-Square
2,GSO,0,10000,[0.009496599682668236,0.01781982752320836,0.8872335511745276,39.89530180369042,2.3262619417621783e-05,0.9413822595490189,0.7730487340005513],0.03317203864595393
2,GSO,1,10000,[0.016812200969243404,0.01785089979503199,0.8864924713194726,39.945883555817296,1.9813680617166666e-05,0.9560590582569953,0.7634963861747077],0.034762218331389504
2,GSO,2,10000,[0.014621170239623598,0.017835759832140072,0.8867942509548876,39.92415280891541,2.0963888101531015e-05,0.951002305755359,0.7665666264473229],0.033987758198322046
2,GSO,3,10000,[0.009422267307318169,0.017818200043841402,0.8872606851260115,39.892816078961026,2.3301135044946193e-05,0.9412321011944343,0.7731596409435629],0.033169712074766766
2,GSO,4,10000,[0.0090683473315798,0.017817159919735728,0.8872903624587396,39.89133659747876,2.3478072182393588e-05,0.9405371476517284,0.7736140310088674],0.03316242741940505
2,GSO,5,10000,[0.027356083793190922,0.01787852103404625,0.8856873685364709,40.00242193644372,1.6190041117391778e-05,0.9748274023476353,0.7506358925638742],0.04201917539910074
2,GSO,6,10000,[0.027354075303198035,0.017876806816878678,0.8856732167840989,40.002017254423734,1.6110407181957825e-05,0.9752183354746904,0.7504705842944294],0.042026658588014014
2,GSO,7,10000,[0.043542784984533005,0.017913692797007337,0.8847533865904477,40.065214127770886,1.2477062951111018e-05,0.9995643072300109,0.7321411337643156],0.06621689030525332
2,GSO,8,10000,[0.016282939824379356,0.017840525993592947,0.8866673570646829,39.91692862320325,2.014969750101976e-05,0.9545928800221138,0.7643582370963556],0.034544830944650606
2,GSO,9,10000,[0.012820854592611298,0.017830968760781555,0.8869277988713614,39.91543631746648,2.167190189829935e-05,0.9478963204827908,0.7687553958709354],0.033553764929243265
2,GWO,0,10000,[1.6236177985556433e-05,0.017795737636843667,0.8878754526246485,39.8546682116336,2.7650242514531336e-05,0.9251407530520939,0.7845902764124276],0.03497419815288666
2,GWO,1,10000,[0.02133854713966206,0.01787231157110137,0.8858837433676867,39.977960885898426,1.7489011126714084e-05,0.9671257938258352,0.7570404121338171],0.03729507710417626
2,GWO,2,10000,[0.0031511820503513466,0.017802043274136536,0.8877131794331213,39.8654277701487,2.6206318312548682e-05,0.930243423371277,0.7808791638996344],0.03391905719864335
2,GWO,3,10000,[1.8432547655875597e-05,0.017792391167328607,0.8879892432094065,39.85067090158437,2.8126434242780726e-05,0.9237857078384483,0.7850057438322384],0.034956796604668855
2,GWO,4,10000,[0.023023037882403525,0.017868524952485726,0.8857558036454368,39.99391113127205,1.6298678927285155e-05,0.9731602925726364,0.7540634253360258],0.03881954998917035
2,GWO,5,10000,[0.0025173625380294023,0.017797452785658068,0.8878352430089708,39.85221236452154,2.671180779634653e-05,0.928551599713285,0.7818425901759328],0.034091066979742506
2,GWO,6,10000,[0.0022016173683181094,0.01780858268434851,0.8875971297521614,39.884107794109674,2.630101152162615e-05,0.9296911036410488,0.7816300451528724],0.03422034670487657
2,GWO,7,10000,[0.020501268667192634,0.017849936714046954,0.8862567937924571,39.96677475334857,1.797703822230348e-05,0.9647374134375527,0.7583118782220107],0.03670457138386413
2,GWO,8,10000,[0.005334805846071925,0.01780780551834688,0.8875120013842844,39.88644654910246,2.4958175265456618e-05,0.9346904587668295,0.7779053872579272],0.03346056824024031
2,GWO,9,10000,[0.0010529654437075459,0.01778496404729174,0.8881134439309583,39.82800639084955,2.7983194367397912e-05,0.9244667346513898,0.7841510827008845],0.03458452515716453
2,WOA,0,10000,[0.005248603440553155,0.01781245862062138,0.8874379504518071,39.88897907098579,2.4953563453870936e-05,0.9346885855154827,0.7779115174097384],0.03347856294419757
2,WOA,1,10000,[0.00014571310372055702,0.017829625633892846,0.8871333200958399,39.99020792444315,2.6749414759228475e-05,0.9278224244090126,0.7833074814409787],0.035070411180422235
2,WOA,2,10000,[0.006543054182104741,0.017843403122272342,0.8868177234142307,39.940555440797816,2.297963655305213e-05,0.941544768217446,0.7750629167952793],0.0336377965641792
2,WOA,3,10000,[0.0005232598482411133,0.01780102753403816,0.8878486527333768,39.86085587177624,2.7813564893087405e-05,0.924813774496294,0.7843127500704408],0.03476047372664168
2,WOA,4,10000,[0.0032053847613846406,0.017783395327135347,0.8883268248962315,39.72544551392326,2.8449841105627897e-05,0.9236945338130071,0.7831770182879482],0.034307687711049514
2,WOA,5,10000,[0.0005383081630955586,0.017792091779966882,0.8881130237114928,39.837307968681124,2.8976172412915137e-05,0.9215405693205063,0.785120700477501],0.03487411706784505
2,WOA,6,10000,[0.00023360488969597463,0.017782167177702143,0.8883340671797909,39.79139843471091,2.9208363511979865e-05,0.9208274228006779,0.7859382776349064],0.03500232125649811
2,WOA,7,10000,[0.008370117841553368,0.01798654702919308,0.8859028047042312,39.257840180158944,2.53658316197943e-05,0.9336243064845434,0.7739913056369118],0.0348651103053103
2,WOA,8,10000,[0.0031373762764380234,0.0177802104050576,0.8878116343458411,40.0450255195332,2.487598566192515e-05,0.9343700120688554,0.779152268299699],0.034233090607431405
2,WOA,9,10000,[0.00451431816689113,0.017812234170978093,0.8875301100863204,39.876890860162355,2.5822150936647442e-05,0.9317474795717755,0.7794101594814019],0.0336012316596351
2,DE,0,10000,[0.008821198736123944,0.017816304566469068,0.8873130097386212,39.88945638869099,2.360476050939818e-05,0.9400439392400647,0.7739359313779042],0.03316094297428366
2,DE,1,10000,[0.008821198720989791,0.017816304561629533,0.8873130096417386,39.88945634447089,2.3604760497508676e-05,0.9400439393702031,0.7739359313664897],0.03316094297428367
2,DE,2,10000,[0.008821198729413095,0.017816304566144477,0.8873130097638925,39.889456413519476,2.3604760631975265e-05,0.9400439388361563,0.77393593175822],0.03316094297428367
2,DE,3,10000,[0.008821198956399524,0.0178163045661573,0.8873130093153017,39.88945638455412,2.3604760227383923e-05,0.9400439402948647,0.7739359309598852],0.03316094297428361
2,DE,4,10000,[0.008821199158936146,0.017816304573313232,0.8873130095081085,39.88945638426449,2.360476020499896e-05,0.9400439404658366,0.7739359311731397],0.03316094297428364
2,DE,5,10000,[0.008821198745240236,0.017816304589475855,0.8873130090641209,39.88945641717155,2.360476037987643e-05,0.9400439398151933,0.7739359316157618],0.03316094297428364
2,DE,6,10000,[0.008821198451967393,0.017816304582847598,0.8873130092652677,39.88945638334599,2.360476058223235e-05,0.940043938889008,0.773935931673629],0.03316094297428366
2,DE,7,10000,[0.008821198671450928,0.017816304561854138,0.8873130098351715,39.889456321033684,2.3604760454253085e-05,0.9400439394403183,0.7739359311998528],0.03316094297428367
2,DE,8,10000,[0.008821199118278928,0.017816304577463766,0.8873130096988971,39.88945633529153,2.360476031617263e-05,0.9400439400555237,0.7739359310784001],0.0331609429742837
2,DE,9,10000,[0.008821199117626966,0.017816304585141926,0.8873130093962243,39.8894564525397,2.3604760203442022e-05,0.9400439404349715,0.7739359307333352],0.03316094297428364
2,ABC,0,10000,[0.005250108009593106,0.019939886090864608,0.8562035361017942,41.72961274328814,2.638662640531873e-05,0.9297858160689152,0.7650584297682376],0.06814780419678347
2,ABC,1,10000,[1e-05,0.019790389170004603,0.8535843787700191,42.90340819120819,6.781137705629487e-05,0.8549250994051905,0.7935119008129348],0.13362884267219993
2,ABC,2,10000,[1e-05,0.018945989860577148,0.8723390455632428,38.818078187730826,5.578181227624702e-05,0.8750871750094373,0.7948287658690012],0.10657623807315894
2,ABC,3,10000,[0.02010773100940006,0.01939536063707425,0.860478949423403,42.934894134467015,2.3549491283025804e-05,0.9459740538762501,0.7556194872929388],0.066089899361499
2,ABC,4,10000,[0.0081564908881735,0.020167806525126692,0.8543196816865318,41.12717013245729,6.725828413003216e-05,0.8645175205278917,0.7810704883873962],0.19091973844000595
2,ABC,5,10000,[0.0016614682518288685,0.019888012196162215,0.8785990626475372,42.36938644385775,6.328057986831789e-05,0.8652054539493162,0.8020194627759355],0.15827328941228777
2,ABC,6,10000,[0.0065601662143328025,0.01803030630956243,0.8850475514622257,41.538771358825834,5.7291778962668393e-05,0.8743193542414389,0.7887495147203126],0.10108975847930146
2,ABC,7,10000,[0.03197406147303322,0.018013124043178067,0.8897192852853415,39.82192457882993,3.414568705047294e-05,0.9167904739657337,0.7361585660113575],0.11145836917935725
2,ABC,8,10000,[0.006448523612033921,0.019229744360333666,0.8659898685497268,41.617419888073876,2.7085922808757972e-05,0.9292425816269337,0.7703125553198122],0.05013379962664069
2,ABC,9,10000,[1e-05,0.02014628851617442,0.847808838425873,45.79352084973637,5.8230541100952114e-05,0.8644286772773822,0.7766190760456374],0.13741358889781297
