ECM-Num,GOA-Name,Repeat-Time,Iteration,Fitted-Parameters-List,Chi-Square
2,GSO,0,10000,[7.764699546053397e-07,0.04825450349230295,0.5110739849565202,27.20979029818222,0.0010726610989879235,0.6986235053257792,2.4319387320318167],0.2583212701087526
2,GSO,1,10000,[8.651643426410034e-07,0.048257075604735813,0.5110262450327646,27.214172556390096,0.0010723080190191557,0.6986603371739954,2.4315563234217494],0.2583217384647681
2,GSO,2,10000,[9.511617040738924e-07,0.04825954630957666,0.5109916636055937,27.217852665990492,0.0010720267092886708,0.6986891427887797,2.4312875705614827],0.2583222188428399
2,GSO,3,10000,[8.613449506425175e-07,0.048269047364974414,0.5108478034257978,27.232911487643104,0.001071087724302083,0.6987921197242652,2.4301926782619216],0.25832201422850626
2,GSO,4,10000,[8.129794564828852e-07,0.04831918832470719,0.5102480113460066,27.29722668056461,0.001067955360591936,0.6991462604445756,2.426349679730972],0.2583260114364606
2,GSO,5,10000,[9.291112394401902e-07,0.048257872510332034,0.5110154594173237,27.21533160916115,0.0010722326411701057,0.6986682666654368,2.431478089611349],0.2583220848676754
2,GSO,6,10000,[9.139901092776339e-07,0.04827933069980242,0.5107337604126707,27.24620611605341,0.0010705840386830148,0.6988493877936591,2.429543895386305],0.25832269055959706
2,GSO,7,10000,[7.905171937605646e-07,0.048248428234318234,0.511219652003594,27.197017130436098,0.0010740491905814461,0.698485059761613,2.4332447840881315],0.25832165381851924
2,GSO,8,10000,[8.854638646062328e-07,0.04825730274000728,0.5110228637022775,27.214584901121295,0.0010722839763808523,0.6986628839000267,2.4315298933476654],0.2583218482263063
2,GSO,9,10000,[8.846915466303072e-07,0.0482571514333907,0.5110261617713031,27.21424579381858,0.0010723129527177146,0.6986599593259833,2.431560515838446],0.2583218431923354
2,GWO,0,10000,[3.2806918090292177e-09,0.048278199162251824,0.5112105373725123,27.212806692151783,0.0010758929671479463,0.6983382451711008,2.4348999868996706],0.2583184463087917
2,GWO,1,10000,[1.1345430442200965e-08,0.048238483506944374,0.5112749223339014,27.18005503325287,0.0010742078367917997,0.6984683567925262,2.433469909793278],0.25831769515518077
2,GWO,2,10000,[3.085769305185424e-07,0.04824763585479463,0.5110649607888645,27.209292582838714,0.0010724345605923104,0.6986456262808796,2.4316702244250585],0.2583187940011228
2,GWO,3,10000,[2.8995612282988307e-07,0.04825969377408964,0.5110734908026365,27.211402722973386,0.0010727057205260862,0.6986198807804,2.432120418943653],0.2583186797385954
2,GWO,4,10000,[2.727365062924768e-10,0.0482332298732853,0.5113126532343565,27.176935918023855,0.0010737929257396302,0.6984955113979447,2.433660693340767],0.25831770881178917
2,GWO,5,10000,[3.763016432905396e-10,0.04823911776526296,0.5112023862661819,27.19038271079505,0.001073551400901914,0.6985304724045992,2.4328008968652037],0.25831735178009896
2,GWO,6,10000,[1.2596823521167767e-08,0.04822619213750162,0.5110786203162746,27.18025698483196,0.0010705125270932707,0.698802420289551,2.430564568465533],0.2583179957653155
2,GWO,7,10000,[1.3180997322674084e-08,0.04828878450143681,0.5109630522317751,27.24492853867504,0.0010733737237270315,0.6985801140239271,2.4323984484740064],0.2583176535803183
2,GWO,8,10000,[5.664426495898002e-10,0.04825183553923843,0.5109731487382173,27.210981901698407,0.001070904414180396,0.6987823601007102,2.430455564179965],0.2583173586572519
2,GWO,9,10000,[1.9762891635361523e-08,0.04826994067213571,0.5109180890136578,27.226033953100227,0.0010712409676338168,0.6987597393468273,2.4308615116617576],0.2583174247103967
2,WOA,0,10000,[4.303413501750243e-08,0.048373135772582045,0.5112434247817687,27.28693073981334,0.0010836459997354939,0.697703008749112,2.4396110204039707],0.25833345969007276
2,WOA,1,10000,[5.628316694840173e-07,0.04842686826991952,0.5092321515372916,27.47411975212537,0.0010563449316181475,0.7002304341198257,2.4185109973402907],0.25835851927853404
2,WOA,2,10000,[8.444501539617044e-08,0.0481254631670784,0.512808559640145,26.996241759320082,0.001085273102290614,0.6973242178259831,2.44401200251762],0.2583446509545847
2,WOA,3,10000,[2.389467773626439e-07,0.04808051928242378,0.5107984017931376,27.066852168243127,0.0010653384178419983,0.6991989992795432,2.4162545642780273],0.2583807356673115
2,WOA,4,10000,[1.7819624629304756e-10,0.04828336371512244,0.5106663012518082,27.26601559634744,0.0010681802516173213,0.6990561115680544,2.4285339596041426],0.25831933451948835
2,WOA,5,10000,[2.723320345145187e-07,0.048146944303593106,0.5121533584579661,27.063505865401368,0.0010778330394072173,0.6980279498364933,2.4383038741660403],0.25832796406624464
2,WOA,6,10000,[8.929649545766523e-08,0.04821200496470396,0.5102801898960138,27.2478968888242,0.0010596517835718376,0.6998370299237523,2.420879703992253],0.25833389009989743
2,WOA,7,10000,[3.729397410720297e-09,0.04827422763570221,0.5092619047768768,27.365587909755412,0.0010474284658626583,0.7010059507806163,2.411020024807228],0.2583788190447119
2,WOA,8,10000,[1.1173075388934144e-08,0.048172617158515806,0.5114414497228844,27.119239824224092,0.001071788975142082,0.6986339004642239,2.4326536109875305],0.2583204808668248
2,WOA,9,10000,[1.2210716374208673e-09,0.04804682427922055,0.5131253348025259,26.918092752041108,0.0010771269082857477,0.6979097145474138,2.443252812709661],0.25835399142345633
2,DE,0,10000,[1.0000000245294934e-10,0.04825638249533631,0.5110400706569584,27.212954455587322,0.0010724210826282853,0.698648539484346,2.4316722221647344],0.25831709620644405
2,DE,1,10000,[1.0000000275391777e-10,0.048256382504338904,0.5110400701888346,27.212954479627097,0.0010724210728173978,0.6986485406060308,2.43167221778198],0.2583170962064442
2,DE,2,10000,[1.00000001528189e-10,0.048256382116765265,0.5110400706964893,27.212954015914672,0.0010724210706164494,0.6986485406746826,2.431672207071624],0.2583170962064442
2,DE,3,10000,[1e-10,0.04825638264322928,0.5110400692188101,27.21295442390807,0.001072421077266514,0.6986485401392908,2.4316722190616926],0.2583170962064443
2,DE,4,10000,[1e-10,0.04825638241125326,0.5110400700374883,27.212954327583788,0.0010724210701421198,0.6986485408303903,2.4316722173000094],0.25831709620644416
2,DE,5,10000,[1e-10,0.04825638259505382,0.5110400706569065,27.212954456861464,0.0010724210817746416,0.6986485396612186,2.4316722191715816],0.25831709620644416
2,DE,6,10000,[1e-10,0.04825638236354494,0.5110400716222891,27.212954246922152,0.00107242108318391,0.698648539343816,2.431672232089225],0.2583170962064441
2,DE,7,10000,[1.0000000135861156e-10,0.048256382410087326,0.5110400708279665,27.212954289505095,0.001072421088420588,0.6986485390772651,2.4316722229291075],0.2583170962064441
2,DE,8,10000,[1.0000000008016897e-10,0.04825638250834319,0.5110400703089906,27.21295456429404,0.0010724210913062246,0.6986485389379183,2.4316722252511824],0.25831709620644416
2,DE,9,10000,[1.0000000033209998e-10,0.0001,0.9355183603369784,1.23273191975522,0.04363041354069313,0.43432852874393246,28.97656743917567],0.5409940380062351
2,ABC,0,10000,[1e-10,0.06057615624702964,0.6672113755170125,18.68434610159043,0.002090686004426945,0.6293480833683439,4.236684149392495],0.5818398215877058
2,ABC,1,10000,[1.538008517085939e-07,0.0716240750254711,0.5038049903870963,62.776983184101134,0.0015005909440896081,0.6691715737485825,3.131706584911993],0.4214692991455339
2,ABC,2,10000,[1e-10,0.07438926500130327,0.4855735856626581,59.43754898847814,0.0016085328419977126,0.6661885669740382,3.2958878832492067],0.45865083562156955
2,ABC,3,10000,[1e-10,0.07299040023806631,0.5302275567680307,38.85496407589301,0.0035120883587344285,0.5912227547773552,3.7273185993972127],0.5688217568399951
2,ABC,4,10000,[1e-10,0.06984548714174671,0.5201565784687049,41.54202215797872,0.0012239675733879583,0.6793478695716183,3.134975507026999],0.4576031075519826
2,ABC,5,10000,[1e-10,0.06991140247360382,0.5291992358389017,52.656129053382735,0.003305866738781433,0.5969458138599096,3.8290458678975368],0.5500618790525319
2,ABC,6,10000,[1e-10,0.08063426259845657,0.43494694522349864,205.24161405962266,0.0013163170593280841,0.6953759013645003,2.829069547969795],0.4874572947417757
2,ABC,7,10000,[6.804854315916956e-07,0.07618030701316635,0.42686543120039233,101.24305418288901,0.0009996634276981005,0.7209400325068939,2.708589407179399],0.4897793851288477
2,ABC,8,10000,[1e-10,0.06675955993195028,0.5025784682348675,55.03140534664172,0.001462744619176905,0.6685810215843724,3.0698424729145204],0.3819397008032487
2,ABC,9,10000,[1e-10,0.06230300024398812,0.5389761070963878,50.15354115850444,0.0022921183900744707,0.6281716662119347,3.404304055542215],0.43496790144566716
