ECM-Num,GOA-Name,Repeat-Time,Iteration,Fitted-Parameters-List,Chi-Square
9,DE,0,10000,[0.005840848483465441,0.00010058077383000664,0.8135445531690816,7.033150133193172,8.422098465490658e-05,0.8379756838806567,18823.11425469569],0.2075288203478941
9,DE,1,10000,[0.005840848766462939,0.00010058077611041662,0.8135445512293985,7.033150357500898,8.422098273562995e-05,0.8379756854439971,18823.114458489894],0.20752882034789413
9,DE,2,10000,[0.005840848839454397,0.00010058077477236516,0.8135445523367391,7.033150203154095,8.422098419849671e-05,0.8379756835030292,18823.11436044173],0.20752882034789388
9,DE,3,10000,[0.0058408481498719595,0.00010058077622610722,0.8135445510589645,7.033150223087478,8.422098273379334e-05,0.8379756850947155,18823.114477334813],0.20752882034789416
9,DE,4,10000,[0.005840848492260114,0.00010058077591639066,0.8135445513424404,7.03315024430854,8.422098277040075e-05,0.8379756856559978,18823.114391032504],0.20752882034789405
9,DE,5,10000,[0.005840848386824737,0.00010058077512527732,0.8135445520312348,7.03315026357478,8.422098354263356e-05,0.8379756847980537,18823.114565422704],0.207528820347894
9,DE,6,10000,[0.005840847849405657,0.00010058077567350071,0.8135445515308617,7.033150244176081,8.422098321568963e-05,0.8379756849179109,18823.114386952355],0.20752882034789405
9,DE,7,10000,[0.005840848531865609,0.00010058077562964965,0.8135445518084508,7.033150293938838,8.42209823756529e-05,0.8379756865200595,18823.114415354023],0.20752882034789394
9,DE,8,10000,[0.005840848442653774,0.00010058077612645556,0.8135445513781059,7.033150365577724,8.42209829583253e-05,0.8379756843706354,18823.11452132874],0.2075288203478941
9,DE,9,10000,[0.00584084785425714,0.00010058077539342178,0.8135445517809459,7.033150227729518,8.422098356993075e-05,0.8379756845352705,18823.114494795158],0.20752882034789405
9,WOA,0,10000,[4.630376232188722e-05,0.0001067927949571611,0.8081408075349623,7.247871568942398,7.841121147276324e-05,0.8440636301780653,19141.976589211852],0.20855942166176678
9,WOA,1,10000,[0.001430720407793135,0.00011552281162232846,0.8025267207053223,8.258816042165094,7.012865090757913e-05,0.8550240713628716,19024.871866059515],0.20955831135278186
9,WOA,2,10000,[0.00758062600772428,9.875108907311281e-05,0.815197770939726,6.962387545175551,8.586747492932679e-05,0.8363914373430384,18796.74567571234],0.20761603737787784
9,WOA,3,10000,[0.0009197153745235995,0.00011065890501097161,0.8056185067803306,7.597398110794537,7.501140508204041e-05,0.8481037184804643,19409.22912971592],0.20869002886489657
9,WOA,4,10000,[0.00016166462913747202,9.99493482327003e-05,0.8132226267420007,6.74777381777248,8.5158250990124e-05,0.8369047596055068,18779.332230531127],0.2087170952422996
9,WOA,5,10000,[0.006359856170596241,9.903031446942792e-05,0.8147159975397736,6.920862299818033,8.580715239002868e-05,0.8361194532161947,19068.001865001126],0.20760166196965685
9,WOA,6,10000,[0.001945639044464605,9.079884127114658e-05,0.8206964620215897,6.091441541900879,9.442721145879163e-05,0.8277011660694833,18887.986922643322],0.20972765122836412
9,WOA,7,10000,[4.3659055763245804e-05,0.00010812894076433313,0.8070560586867627,7.32552284785993,7.736141028449836e-05,0.8454912457684478,19046.828107476293],0.20860681555754546
9,WOA,8,10000,[0.0005997406192074505,9.732836111635172e-05,0.815204686127393,6.506407475749064,8.791934060628541e-05,0.8338133601025316,18809.908229195986],0.20891134882995
9,WOA,9,10000,[0.0012146770414977635,0.00010154614669819489,0.8121343124957286,6.892373423276892,8.41755047297709e-05,0.8372441913606146,18999.872022662203],0.20826317462452842
9,ABC,0,10000,[0.0038863047669772527,0.00011745749338867269,0.8016147142328515,8.626402779019093,7.03835741337132e-05,0.8511887237815489,24607.078759756674],0.22137285015247463
9,ABC,1,10000,[1e-05,0.00014315673863160726,0.7848411837067076,9.903726125233398,4.393861139233734e-05,0.9108333652417189,18979.245901342216],0.2340046567943816
9,ABC,2,10000,[0.005591541474610187,7.940574472427035e-05,0.8297924824979119,5.0816110166222295,0.00011042398527392775,0.8112111431513052,19302.420225169386],0.21844345329384107
9,ABC,3,10000,[1e-05,0.0001301650691270421,0.7930404712479805,8.57377871285443,6.477128222046566e-05,0.8506924202039641,23358.371278796658],0.22515501815554972
9,ABC,4,10000,[1e-05,0.00014062005817076691,0.7878550331442056,9.920078509187697,5.528147270188561e-05,0.8656391585693245,26383.041611435176],0.2358403770611337
9,ABC,5,10000,[0.006598702247319815,0.00014121368783931708,0.7891816144367362,11.819526645931699,4.8016064784749873e-05,0.8898366108473689,21221.402289048165],0.22780362477299287
9,ABC,6,10000,[0.0014559157126379733,0.00011660467660141496,0.8001016860899123,7.650251469652395,7.403443396587279e-05,0.8532738492647434,18142.01570389705],0.22159775294001668
9,ABC,7,10000,[0.00811715422479907,8.606972411330474e-05,0.8243155359183554,5.848764524723349,9.737212707650537e-05,0.8252247572923673,15002.82480050969],0.22682551179368315
9,ABC,8,10000,[0.007332993655623721,0.00013207357353115068,0.7947186423553235,11.297195302607026,5.447218346621169e-05,0.87622646686701,22249.216654706142],0.22702220270121992
9,ABC,9,10000,[0.023340341420486733,7.509667391917086e-05,0.8378049826076942,4.947355007050135,0.00011264736888072735,0.8097139374608698,19544.3164167563],0.22487615162047692
9,ICA,0,10000,[0.03984253749652811,0.00012732413677337898,0.8099620244653076,40.29377614709211,0.00010381127287629559,0.7630283570927965,33398.70506921406],0.9146476408073179
9,ICA,1,10000,[0.0863711130243505,0.0001701979841541325,0.7886750205403535,46.02808621603286,4.362054467674504e-05,0.7976029826012746,41377.10740422489],0.8361357975093945
9,ICA,2,10000,[0.020551645378060722,0.0002008911624393551,0.7582830013328937,8.407242998867073,3.102233410862281e-05,0.8618366967841585,414039.43117481197],0.5698956487323614
9,ICA,3,10000,[0.03597862459069241,0.00019765161252523168,0.7618932849053,24.58187852972771,1.7327595190272954e-05,0.984841456329048,40027.167564193354],0.42806441123941064
9,ICA,4,10000,[1.0000000653982044e-05,0.00018459812751751546,0.7667583838076061,18.84916322585738,1.840554035132926e-05,0.996398491727512,27290.670304940144],0.2956579797833077
9,ICA,5,10000,[0.0017193623703109125,0.00015837832231280612,0.7800610823897325,16.905378427244703,3.9504456025853886e-05,0.9033142568536822,25403.273297989002],0.2641160763450551
9,ICA,6,10000,[1.0000001771926631e-05,0.0001838254366013262,0.7673598177771795,18.041682068523816,1.8192259744772696e-05,0.9993304128957423,28526.867301916296],0.29541695546525193
9,ICA,7,10000,[0.02086652903856165,0.00014584914823241883,0.7845624608330184,9.833850144729247,6.0002594592305485e-05,0.8424105428492155,404077.2856268539],0.42902206174506846
9,ICA,8,10000,[0.001648317011837405,0.0001887389486741512,0.7643798100440129,15.027992805545958,1.6041215030990614e-05,0.9999999999917634,37274.54820292846],0.3254984618860712
9,ICA,9,10000,[0.017848918991290142,7.64352531098852e-05,0.8361615118066646,5.661944908176359,0.00011605757428529844,0.8002645321541312,21279.61929482693],0.22827147661922106
9,BH,0,10000,[0.013810400493002844,0.00011720118586460815,0.8029336479211502,8.916616211462754,6.969941235691397e-05,0.8528421701421369,19651.93853302164],0.21506244477770214
9,BH,1,10000,[0.006811255196302755,0.00012468090889233857,0.797164741035584,9.256314389622155,6.324876613556833e-05,0.8626937334237433,19930.881151812722],0.21392460112976402
9,BH,2,10000,[0.009581016888366645,0.0001180719555496113,0.8013286223719434,8.502628454670711,6.999276208331554e-05,0.851555456610103,20985.212002820757],0.2138379389948555
9,BH,3,10000,[0.011264586336050372,0.00012372458879090137,0.7981131405093879,9.22070342395072,6.530908062312755e-05,0.8586537815671906,21181.018693038914],0.21777012207576657
9,BH,4,10000,[0.012164241167201653,0.00011829859898715612,0.8015496033988319,8.679930384209415,6.983204269244751e-05,0.8514615879310367,21866.96127177096],0.21722226446308612
9,BH,5,10000,[0.011494081673149859,0.00012159438287874659,0.7994919209165005,9.083072538723107,6.628914258062769e-05,0.8562576605952971,20629.824448652274],0.21604779020622075
9,BH,6,10000,[0.01302644748015856,0.00012770240488874817,0.7960211826891107,9.693832326047177,6.147323115131774e-05,0.8634178256656097,21239.139125390826],0.22115542780020786
9,BH,7,10000,[0.014098226335912087,0.00011564715005142324,0.8038368824807753,8.602224337944678,7.127656638598579e-05,0.8501579373336772,20830.709937849588],0.2157779736504875
9,BH,8,10000,[0.011407088399169835,0.00011855768702439744,0.8015174001100757,8.590622095183598,6.912572415634809e-05,0.8517703315158254,20640.546348093787],0.2146713063906774
9,BH,9,10000,[0.010329642323424114,0.00012570183894474279,0.796980017858132,9.424156130673326,6.171761308512307e-05,0.8651925990354956,20832.018024043693],0.2169876628469425
