ECM-Num,GOA-Name,Repeat-Time,Iteration,Fitted-Parameters-List,Chi-Square
9,DE,0,10000,[0.00026017943919667694,2.633926298076162e-05,0.9560607127572882,1165.29286347133,0.00011968437175734641,0.6281599378310202,16428.376464807025],1.9230404546205473
9,DE,1,10000,[0.00026017954705301956,2.6339263148647034e-05,0.9560607122491886,1165.292883024428,0.0001196843721162947,0.6281599420431345,16428.37610315632],1.9230404546205468
9,DE,2,10000,[0.0002601804397584319,2.6339262975534394e-05,0.9560607126312625,1165.292901579443,0.00011968437183943059,0.6281599441812044,16428.37635222521],1.9230404546205475
9,DE,3,10000,[0.0002601797514266062,2.633926287893347e-05,0.9560607131032607,1165.292823047505,0.00011968437231584989,0.6281599302075167,16428.37675392128],1.923040454620547
9,DE,4,10000,[0.00026017921924374705,2.6339262988301278e-05,0.9560607129456513,1165.2928790220656,0.00011968437147709633,0.6281599425462311,16428.376171028573],1.923040454620547
9,DE,5,10000,[0.0002601799162406835,2.6339262956432134e-05,0.9560607127516989,1165.2928773301435,0.00011968437091761527,0.6281599447090089,16428.37584692228],1.9230404546205473
9,DE,6,10000,[0.0002601805585045615,2.633926295048877e-05,0.956060712768437,1165.2928672135183,0.00011968437183998883,0.6281599384810402,16428.37659033366],1.9230404546205473
9,DE,7,10000,[0.0002601799188118976,2.6339263026352007e-05,0.9560607127470718,1165.2929253190316,0.00011968437117358541,0.6281599557080483,16428.375501013594],1.923040454620547
9,DE,8,10000,[0.00026017942240989035,2.633926301660454e-05,0.9560607125304408,1165.2928747454112,0.00011968437223080972,0.628159944193715,16428.376219522386],1.9230404546205473
9,DE,9,10000,[0.00026017969283764357,2.6339263292710432e-05,0.9560607119020332,1165.2929191235212,0.00011968437309624325,0.6281599438772988,16428.376300252425],1.923040454620547
9,WOA,0,10000,[0.009665054708911248,2.6035803285033838e-05,0.957203118403178,987.3229770976416,0.0001158785524074343,0.6086766257012504,17732.328506704504],1.9389571412582745
9,WOA,1,10000,[0.0006195034929536375,2.5780008356505585e-05,0.9580429028266337,1011.3570364696067,0.00012231774096004705,0.5941941670767389,18810.905378987358],1.9235934907045005
9,WOA,2,10000,[0.0005022917314715143,2.558866407118151e-05,0.9587278956320482,897.6687498542971,0.0001300535321501373,0.5463328504483486,26357.852247126513],1.9274741774244073
9,WOA,3,10000,[0.0019046407900695306,2.5538581685431544e-05,0.9589783967947585,974.4451915260688,0.00012387415495453686,0.5831347375087492,19899.803058409514],1.9240552375796725
9,WOA,4,10000,[0.000170380112009038,2.6062326053979655e-05,0.9570848717081517,1085.9245658761708,0.00012146562997409484,0.608816073982059,17742.20141609261],1.9232287638910301
9,WOA,5,10000,[0.00551489831526876,2.444495881734266e-05,0.9631072538538521,732.7739516224932,0.00012841129224057588,0.5342460117440256,25647.9873414828],1.9292773609959464
9,WOA,6,10000,[0.004871052310879252,2.7120191936689108e-05,0.9535502051482293,1284.1098283509564,0.00010842762988404133,0.6832996757459439,11822.42189547206],1.9378514325343577
9,WOA,7,10000,[0.002768979267221538,2.5601961176129222e-05,0.9587878351289332,1008.549110748907,0.00012223306607420605,0.5947958330800059,18693.44769849262],1.924031504759393
9,WOA,8,10000,[0.0006351415538822163,2.645624165267931e-05,0.9556753218606598,1199.8161621554038,0.00011920531513301271,0.6359750745081136,16030.622161234847],1.9231001661792606
9,WOA,9,10000,[0.001373266329401114,2.8270129093078643e-05,0.9498277843812988,1691.8876325128438,0.00012229895371168597,0.7225437502716526,11842.711682108602],1.9361640073431903
9,ABC,0,10000,[5.1992450301023736e-05,3.0664615908934575e-05,0.9402852795220763,2530.3496874575503,0.00017983125182349105,0.6902350770249601,35377.97757921821],2.108303795518996
9,ABC,1,10000,[1e-05,3.379124370275947e-05,0.9340481279663163,1561.0220638491146,0.00017988786559689645,0.45216275489417423,1000000],2.0837130636566745
9,ABC,2,10000,[1e-05,2.686883476591368e-05,0.9551218715046559,1954.3116876220845,0.0001210967376596374,0.8239166190795634,10444.528851850087],1.963009736838574
9,ABC,3,10000,[1e-05,3.0785198655591994e-05,0.9357373807221684,1716.7413303096487,0.00015875101262350716,0.521464512105676,159683.63332960196],2.0849472557906497
9,ABC,4,10000,[0.0001972643476525309,3.0728650634403865e-05,0.938738625033235,2067.9475986964126,0.00013284146119047586,0.8207560071656481,9183.271796999878],2.001119470914358
9,ABC,5,10000,[0.011639573334757387,1.760450363006158e-05,1.0,10,0.00014638396751339138,0.42723832610303797,134763.9023089757],2.0575697063587137
9,ABC,6,10000,[0.0027717590375026515,2.5573743647591972e-05,0.9621544978345027,1985.1775056897636,0.0002207318916494711,0.5804930564245807,1000000],2.2315783023360254
9,ABC,7,10000,[1e-05,3.4660439696503156e-05,0.9342090173812019,2882.067819663069,0.00021680030937856648,0.6264162863096275,90741.35014748681],2.2390405508517572
9,ABC,8,10000,[1e-05,3.87590471998441e-05,0.9256299394999775,3062.443264995287,0.00016056288804625854,0.6664740281530437,18951.305064137254],2.303926287171374
9,ABC,9,10000,[0.002729011248607531,2.5786047606150203e-05,0.9626110885292234,1900.9014713784509,0.00021685530973876815,0.5759580051947418,1000000],2.2068256795468586
9,ICA,0,10000,[1.000005912383714e-05,3.0665231960698945e-05,0.9415485347309126,1739.5945064928019,0.0001869466017167584,0.5387696285128348,171221.20941047434],2.0347411299981393
9,ICA,1,10000,[1.0000000513194422e-05,4.424396325348753e-05,0.9060381707528166,3199.347130305864,0.0002494967230339845,0.5628216714906001,697742.6205581817],2.4787236021111765
9,ICA,2,10000,[0.00011898232427200533,2.9081710015806513e-05,0.9451705937250673,1275.238579835703,0.00012153414337299184,0.6151030454043912,16962.131567121593],1.9424740515760637
9,ICA,3,10000,[1.0000000108814891e-05,5.331279517890353e-05,0.8852636719746039,5147.7812723221305,0.0001937600607356653,0.9973526312448197,7573.5324718202255],2.8588542121317237
9,ICA,4,10000,[1.0000000000075432e-05,5.5672101226656247e-05,0.8842275153821959,6358.67383293926,0.0002847287996354408,0.7774946552330048,294648.4588042101],3.1087195423187826
9,ICA,5,10000,[1.000000056389492e-05,4.8413192161366726e-05,0.8985554224121451,3733.613031094843,0.00018024654127590673,0.6736907729394481,17086.245377752126],2.575556872940853
9,ICA,6,10000,[2.6340971858053186e-05,4.860030013531311e-05,0.8978225853013556,3897.773730990845,0.00022337771632656176,0.5947074695922129,223264.89226924768],2.632523328913808
9,ICA,7,10000,[1.000000000160107e-05,4.4237711684450206e-05,0.9067023654135995,4966.463267349578,0.0003033051655621554,0.7227050913864658,350428.22257666686],2.726930040831829
9,ICA,8,10000,[1.0000000025732416e-05,5.726826565750807e-05,0.8829970097723739,5828.122797887279,0.0003660049681603811,0.8245847316661372,666682.9936695179],3.126310058841789
9,ICA,9,10000,[1.0000000051159532e-05,3.667293875449717e-05,0.9232978238989478,2879.3963942136097,0.00024316579395008468,0.5825107304510873,225855.44849191507],2.277117040708824
9,BH,0,10000,[0.0037884639368163816,3.787930633898926e-05,0.9197631846113873,2603.682753455212,0.00020711267390142362,0.5683036674305192,538453.9361678346],2.2376826286208935
9,BH,1,10000,[0.007363128766658577,3.8315024484619635e-05,0.919464967697982,2883.7120596472405,0.0002136815183687094,0.5901967139481019,571564.1609831064],2.2880428595562954
9,BH,2,10000,[0.009652797809206304,3.710034206995061e-05,0.9236884508201243,2669.332334355234,0.0002025295047508121,0.5971006835094556,414454.47356527526],2.245007690057333
9,BH,3,10000,[0.008403001707105777,3.65120240717592e-05,0.9247505939718906,2668.2482439558553,0.00020501779690357578,0.5900204549613123,569819.5395985377],2.2274935007628756
9,BH,4,10000,[0.01130913661074329,3.51508909726624e-05,0.9284674330341989,2774.4140388534674,0.0001947703941737021,0.5953282451155898,387649.67618752224],2.232162380813575
9,BH,5,10000,[0.01007789389655718,3.8413784907867854e-05,0.9191194349835329,2940.3457507121,0.00021624649084854818,0.6062723099122397,558742.2723068293],2.314983524990072
9,BH,6,10000,[0.007981190305007053,3.842928779672437e-05,0.9198975806986104,3031.6574069081753,0.00020691119158141861,0.5970228675733298,500075.47431201476],2.30324814401184
9,BH,7,10000,[0.006570539246558834,3.378157189646417e-05,0.9317483611545067,2311.929058135078,0.00019517694489961445,0.582131473124681,367486.60682066914],2.1346180690954197
9,BH,8,10000,[0.009552455549329,3.735087667761958e-05,0.9224433211989815,3016.351676174217,0.00022486206034426457,0.6080302540646435,655724.3462734438],2.306200416106134
9,BH,9,10000,[0.010956132574099081,3.7378622916684855e-05,0.923848058623394,2767.640654177439,0.00020742989916176636,0.613511099186968,651991.2856416161],2.27543383471355
