ECM-Num,GOA-Name,Repeat-Time,Iteration,Fitted-Parameters-List,Chi-Square
9,DE,0,10000,[1e-14,3.63762314545363e-05,0.9100361879339347,18.303905518431602,0.00023771380360806282,0.6744164084784519,1000000.0],0.2427189358795557
9,DE,1,10000,[1e-14,0.0002367511324946543,0.7432382393921564,0.1,1e-06,1.0,42475.564626977444],1.1011808857654592
9,DE,2,10000,[1e-14,3.637623100479984e-05,0.9100361889683656,18.303905329323882,0.00023771380399880974,0.6744164094423427,1000000],0.24271893587955573
9,DE,3,10000,[1e-14,3.63762314701741e-05,0.9100361879255812,18.303905711551074,0.00023771380319193266,0.6744164089927032,1000000.0],0.2427189358795557
9,DE,4,10000,[1e-14,0.00023675113226348152,0.743238239622722,0.10000000000000006,1e-06,1.0,42475.56194236193],1.101180885765459
9,DE,5,10000,[1e-14,3.6376231155793005e-05,0.9100361886170056,18.303905482132834,0.00023771380357658753,0.6744164091279983,1000000.0],0.24271893587955576
9,DE,6,10000,[1.0000557090252223e-14,3.637623159900312e-05,0.9100361875911007,18.30390584007442,0.00023771380319880168,0.6744164093233533,999999.9999999998],0.2427189358795558
9,DE,7,10000,[1.0000000000000751e-14,0.00023675113252464653,0.743238239381088,0.1,1e-06,1.0,42475.56169502028],1.1011808857654595
9,DE,8,10000,[1.0000122126402473e-14,3.637623136986344e-05,0.9100361879573413,18.303905551569418,0.00023771380342469382,0.6744164090927706,999999.9999999976],0.24271893587955579
9,DE,9,10000,[1e-14,3.637623103325897e-05,0.9100361887842764,18.303905211405233,0.0002377138040343181,0.6744164087651001,999999.9999999885],0.2427189358795558
9,WOA,0,10000,[7.631182044865232e-13,3.8387019923067614e-05,0.9056175755551749,19.403381416951163,0.00023516588965523735,0.6737258314123362,584266.984120744],0.2436993943527315
9,WOA,1,10000,[6.490534402090631e-13,3.180952406139908e-05,0.9208984261154055,15.184557110749179,0.000240792504117329,0.6768895681769488,151671.90393573366],0.2510117250277467
9,WOA,2,10000,[8.909775554505079e-13,3.653533843135102e-05,0.9099465319982343,19.05815792978364,0.00023416024109515696,0.6781986293368356,229876.62831016906],0.24633457992168414
9,WOA,3,10000,[5.823983272887264e-12,3.91037617436299e-05,0.9032159975807574,24.386987376750824,0.00023227318401153086,0.6804792232655783,224892.67358420035],0.2585846426347529
9,WOA,4,10000,[5.065350532204634e-12,3.823824493014144e-05,0.9060776501377888,20.132320916863296,0.00023228074436567242,0.6785393435100096,137912.05783893276],0.2493642364415003
9,WOA,5,10000,[1.0785113239524114e-11,3.255574744509331e-05,0.9191349007516217,15.902684886914475,0.0002384821967723524,0.6787814060978861,104889.4318695313],0.2544887621296522
9,WOA,6,10000,[3.218769689527685e-11,3.2694276092545726e-05,0.9187822348716201,16.005600521639778,0.00023590958147536365,0.6802643492542476,337821.95204251516],0.24799671813493745
9,WOA,7,10000,[2.0538653330507044e-11,3.4490261800086604e-05,0.9144195154371436,17.18545459197392,0.00023715656606448508,0.6776732094926453,151480.10873334075],0.24920977702100727
9,WOA,8,10000,[2.9559169918549396e-12,3.981897350350008e-05,0.9027943343061331,21.525055604975798,0.0002290841960715788,0.6802633337230379,100592.74959482177],0.25290630640328005
9,WOA,9,10000,[1.4764732022329754e-12,3.936108165637195e-05,0.903720072097028,21.06919740757327,0.00023153111172549533,0.6780205874589226,160163.71356899888],0.248386587363674
9,ABC,0,10000,[1e-14,6.790574125882317e-05,0.8589068794247434,63.76178001355373,0.00020700599569658352,0.6829466967684839,1000000],0.3001485814601591
9,ABC,1,10000,[1e-14,6.407090112515928e-05,0.8596354761617668,33.70385306351557,0.00020412575800157748,0.671847080696306,1000000],0.30238736617352685
9,ABC,2,10000,[1e-14,5.557369006809877e-05,0.8775624070320871,37.36049300470835,0.00022091868221575835,0.6822269542839547,1000000],0.2776297654861816
9,ABC,3,10000,[1e-14,5.600041957371458e-05,0.8737251734552816,34.13624260094295,0.00023038579340598763,0.6645980110013674,1000000],0.27929528675500553
9,ABC,4,10000,[1e-14,4.821972906240775e-05,0.8886002967103671,39.14860239544927,0.00021015736800549732,0.7003578582473389,166149.49824555748],0.2803458879589753
9,ABC,5,10000,[1e-14,6.076020864269718e-05,0.8670187717137402,43.003155543552026,0.00021227878175138958,0.6779251641238399,1000000],0.2726257931021368
9,ABC,6,10000,[1.5022331389080992e-11,3.966342787896091e-05,0.9022942757651069,15.370607190564925,0.0002510160512286028,0.6561575123561201,1000000],0.2732684086151476
9,ABC,7,10000,[3.262662424845496e-12,6.614860054627097e-05,0.860394673874577,56.2547310416044,0.0002063130883167025,0.6855534441315497,1000000],0.28913982980527664
9,ABC,8,10000,[1e-14,4.789295606032533e-05,0.8913154418353298,32.28162149908339,0.00021486498621891035,0.6868659454709298,342481.9775918351],0.27320118040806907
9,ABC,9,10000,[1e-14,5.153147483798485e-05,0.8824405373036722,41.15813876837729,0.00020835666621587574,0.6901119652257641,182501.82993648163],0.2776520631921794
9,ICA,0,10000,[6.939173141855098e-11,8.155394800561934e-05,0.8440805459286513,97.1616890498882,0.00017250966897554306,0.7186600465982171,42702.565456378325],0.33697435868269054
9,ICA,1,10000,[6.449056095836745e-11,7.859738205604143e-05,0.8466198471250824,76.5715884872007,0.00018058256208561057,0.7088939132569234,79216.50147645402],0.3176838107923669
9,ICA,2,10000,[6.904190217556849e-11,4.882032299137474e-05,0.8860001785117616,29.3083521136544,0.00022245584923185374,0.6761925104339034,999999.9999796757],0.2511474745851674
9,ICA,3,10000,[4.296296170279467e-11,0.00011145376725367596,0.8165392053808774,162.25371959198702,0.00012232675050607246,0.7629727735204163,29051.34834723752],0.4563749921996051
9,ICA,4,10000,[7.543314165322398e-11,8.650076996521472e-05,0.8407376690141846,151.08046172969296,0.00019834655710735183,0.7041076988976452,322184.75814357924],0.45566730772197017
9,ICA,5,10000,[3.4675494715188306e-11,0.00011631533116108765,0.8132592334411615,158.1634509878045,0.0001379225593310177,0.7080496823798195,400297.95069657615],0.4689134660431298
9,ICA,6,10000,[5.2739773209789355e-11,8.399246389043972e-05,0.8405650755816495,85.2614774008179,0.0001694530498543958,0.7152560966192876,38510.925393947604],0.33778639794269133
9,ICA,7,10000,[3.9665640518702706e-11,0.00012135849159609199,0.8092577219752191,222.0887032597196,0.00012022048360289468,0.7895643500122482,28478.92929971024],0.48685444522502813
9,ICA,8,10000,[6.842214442862595e-11,9.529816998252149e-05,0.8306011757286733,136.89351936465837,0.00014492021174870816,0.7558806371748747,33648.579942332195],0.38945630305244733
9,ICA,9,10000,[8.100110234258012e-11,8.82795090164855e-05,0.8368076221486972,103.5922470511691,0.00015676871850144945,0.7451206441536907,33182.4461816839],0.3608610185643654
9,BH,0,10000,[4.268370027629442e-11,6.290852289412512e-05,0.8650711283037511,46.37674690423867,0.00020733556204692046,0.6796300108959603,519467.0081962562],0.2748929520249093
9,BH,1,10000,[5.455564088823796e-11,6.454171672438835e-05,0.8629178169733035,49.178573413382935,0.0002058375628045516,0.6804196382882558,508692.92304565787],0.2786699960518777
9,BH,2,10000,[6.057798875085988e-11,6.611948489071274e-05,0.861276102263424,53.92316761773065,0.00020480726919595008,0.6819566583436074,636849.0593243492],0.28383681817125245
9,BH,3,10000,[4.290688938829471e-11,6.605329650764445e-05,0.8614364381542139,55.45626728113484,0.0002041489594362568,0.6826816383398655,478907.61348878243],0.28504713923455516
9,BH,4,10000,[5.651097886818157e-11,6.422520564719871e-05,0.8638915233349754,52.707068125959864,0.0002060695356651731,0.6839101224190608,519179.5034362405],0.2810038011849895
9,BH,5,10000,[4.891492446421679e-11,6.700003258658942e-05,0.85987823059639,52.03670160277781,0.0002015570869781034,0.6826249936775133,474150.6406234645],0.2835308861774942
9,BH,6,10000,[4.700071102348968e-11,6.497329067677406e-05,0.8623751531044541,48.648381504662495,0.00020331750459079867,0.6824745507741786,546452.4314573498],0.2788851558009351
9,BH,7,10000,[5.5258848630119804e-11,6.32501920232564e-05,0.8648653765647274,47.5681070670069,0.00020751491512769555,0.6793414393345047,514690.7947022464],0.27611784712154425
9,BH,8,10000,[3.545106431787801e-11,6.482373697619227e-05,0.862579041617632,46.31155685678988,0.00020707586337925256,0.6775123384032165,567420.88399127],0.27888795577687825
9,BH,9,10000,[5.353835843809746e-11,6.652311597335244e-05,0.8605797903217494,53.580043904644235,0.00020345933404816038,0.6822810633828044,652152.9662537777],0.28373360974292644
