ECM-Num,GOA-Name,Repeat-Time,Iteration,Fitted-Parameters-List,Chi-Square
2,GSO,0,10000,[0.016020759555408503,0.0006829059437981877,0.6796553919132244,0.07836481177522231,0.0036511544529824204,0.7867502771480297,661.1765807116756],0.160572346092076
2,GSO,1,10000,[0.012541695416996583,0.000628572923627378,0.6796462361642418,0.08183589862629524,0.003650924779637753,0.7867876886703757,660.9964059729755],0.15955039003635857
2,GSO,2,10000,[0.009395326414263041,0.0005997448821145864,0.6763123484518176,0.08490451273330316,0.00365166158856969,0.7867335635585379,661.425745272902],0.1588812079686993
2,GSO,3,10000,[0.014039677087954023,0.0007449263520859993,0.6690691636334887,0.08060721624457226,0.003650544635422864,0.7868441927037826,660.9002763821065],0.16099675042144213
2,GSO,4,10000,[0.016046192389593882,0.0007990157072161487,0.6680823598935122,0.07864225061343129,0.003650092036080243,0.7868582047775942,661.1142307569941],0.16179323476632407
2,GSO,5,10000,[0.019586021079380452,0.0008416205015467698,0.6716064754194584,0.0750854494282626,0.003651685467269007,0.7867844793202544,661.8258820177311],0.16271937015832405
2,GSO,6,10000,[0.013648237493364282,0.000730256552446945,0.6696635844888926,0.08091403206228043,0.003650396340793844,0.7868229362763443,661.1363699760728],0.16079878087377336
2,GSO,7,10000,[0.012474040198347863,0.0005240867788865163,0.6927639902613673,0.08146527989066292,0.003653063651849294,0.7866128921430174,661.9993538701086],0.15818104326682147
2,GSO,8,10000,[0.016263742103626376,0.0008393477589955,0.6647437657499868,0.07849833971774169,0.0036499477738124713,0.7868576530066836,661.0075829871897],0.16220757631346067
2,GSO,9,10000,[0.0072549824409482684,0.0003148800190715972,0.7210522306678779,0.0858571053254646,0.0036557941378479466,0.7863834686535662,663.2581858260247],0.154162790899518
2,GWO,0,10000,[0.08172263542451823,0.0004976475672000898,0.4163983865734246,0.0013799992459472875,0.0037662929875462076,0.7780484747125221,709.6553095867611],0.31805347204680084
2,GWO,1,10000,[0.02496260192985871,1.3085867275143651e-05,1.0,0.06293981963961277,0.003684623467059846,0.7840506704014584,675.3491743607048],0.14133028538634101
2,GWO,2,10000,[0.025843603361910456,1.3489790103437238e-05,1.0,0.062115756725062136,0.0036842862388969423,0.7840942909930878,675.0696910530431],0.14145045669797524
2,GWO,3,10000,[0.029825545160092202,5.347318517945557e-05,0.90483508824446,0.0601221717513934,0.003672558971033958,0.7849818943298121,670.3287989612822],0.14677961920305382
2,GWO,4,10000,[0.025111554535046005,6.603526891741739e-05,0.8771097416031891,0.06515885766497402,0.0036701109055343266,0.7851788499400275,668.7677647085839],0.1469958694728779
2,GWO,5,10000,[0.028582462688763563,1.4776013451238565e-05,1.0,0.059537987085580696,0.0036832017628679035,0.7841531439172927,674.1265166463232],0.1418980907194629
2,GWO,6,10000,[0.02508141368231348,1.3235128145423146e-05,0.9997266879007753,0.06284056937086789,0.003684187603511099,0.7840771333443329,675.432045599865],0.14135750782329487
2,GWO,7,10000,[0.00940322350026366,0.00011419611282063044,0.801839994444392,0.08186151166539606,0.0036635041615795637,0.7856884413129386,665.610428971337],0.14822164933099605
2,GWO,8,10000,[0.030245919576813274,1.5667458576722542e-05,0.9997862882871246,0.057979904014555605,0.003682078726766604,0.7842281666751275,674.0527693730334],0.1422392992650518
2,GWO,9,10000,[0.024466582083579158,0.00011520082303042479,0.8330703059365963,0.06667362800886434,0.0036662952274617295,0.7855111696107038,666.7080283441169],0.14985225861749688
2,WOA,0,10000,[0.005392748945985882,3.714465692299609e-05,0.8792883812338051,0.08386686991077479,0.0036649407409000217,0.785285963535421,656.6621682608626],0.14337288209561347
2,WOA,1,10000,[0.0017599489419549083,8.28641323072475e-06,0.9866153490422029,0.08538682516714627,0.0036864186129888206,0.7838878348009982,675.5703758199268],0.14065343957496942
2,WOA,2,10000,[0.011847745469136844,1.8954001572275027e-05,0.9424982416549597,0.07703457160875456,0.0037116639390334903,0.7834965244538007,656.5813166427156],0.14277616237650975
2,WOA,3,10000,[0.029779061422967146,0.00010982967755916487,0.8358642180616629,0.06208930714550751,0.00361105723700878,0.7883091809306266,604.1991289419374],0.15941499432007072
2,WOA,4,10000,[0.030632044740884403,2.434206458213765e-05,0.966708393769756,0.059754186331056405,0.0036063733984931594,0.7876446218703334,649.2129161335841],0.14657380834489328
2,WOA,5,10000,[0.01156968773764403,1.246637943527261e-05,0.9720803742917125,0.07608519750623535,0.00373788488867954,0.7814707958523662,736.0752685028925],0.14352173864185477
2,WOA,6,10000,[0.01113673256308993,8.15873976592518e-05,0.8335341841764674,0.07896933142266223,0.0036628511051234255,0.7863100493771054,674.6700127143947],0.1477328432650409
2,WOA,7,10000,[0.018838950066538993,2.1560115297551044e-05,0.9471800590224404,0.07127568513242633,0.0036492864402628312,0.7860991974674456,636.9223151431124],0.14422205439172897
2,WOA,8,10000,[0.0006906529481269645,1.1385657200987519e-05,0.960870171121027,0.08696230403472892,0.003688210900202134,0.7839671299799597,677.191553587546],0.14077413034914127
2,WOA,9,10000,[0.006002144268903503,8.248261458035108e-06,0.9931134059884806,0.08136842731656187,0.003631467524009928,0.7861587369926798,634.3484459334912],0.14262308380457295
2,DE,0,10000,[0.010291860793727656,8.602853780597414e-06,1.0,0.07690850064508988,0.0036877142142453007,0.7838294256372734,676.2577175392139],0.14055476462154207
2,DE,1,10000,[0.08300242621713716,0.001,1.0,0.0001,0.0037664571954455273,0.7780390288102879,709.7440083016572],0.3179818552059291
2,DE,2,10000,[0.010291858873865608,8.60285330199544e-06,0.9999999999999999,0.0769085025631607,0.0036877142049132512,0.7838294260211429,676.2577113790551],0.14055476462154198
2,DE,3,10000,[0.010291858410427773,8.602853263151632e-06,1.0,0.07690850295230896,0.0036877142013292054,0.7838294262134277,676.2577070949104],0.14055476462154204
2,DE,4,10000,[0.010291861195920229,8.602853854308344e-06,0.9999999999999994,0.07690850030986694,0.0036877142088870135,0.7838294260413828,676.2577125824681],0.14055476462154196
2,DE,5,10000,[0.010291858691532254,8.602853289895364e-06,1.0,0.07690850261379588,0.0036877142072945985,0.7838294258383643,676.2577146790466],0.14055476462154204
2,DE,6,10000,[0.010291859132458048,8.602853415918485e-06,1.0,0.076908502153256,0.0036877142059159374,0.7838294259404155,676.2577116712561],0.14055476462154196
2,DE,7,10000,[0.01029185863170847,8.602853319413746e-06,0.9999999999999999,0.07690850269525269,0.0036877142094800834,0.7838294259082612,676.2577107319956],0.14055476462154204
2,DE,8,10000,[0.01029185903839067,8.602853287730199e-06,1.0,0.07690850230733887,0.003687714207947094,0.7838294259684673,676.2577125221974],0.14055476462154198
2,DE,9,10000,[0.010291858337805323,8.602853237950352e-06,1.0,0.07690850304891952,0.0036877142114456803,0.7838294258105691,676.2577104962784],0.14055476462154198
2,ABC,0,10000,[0.02540462728791802,0.0003826853741921191,0.7466706414314523,0.06736572307169136,0.003594831445674164,0.7872984721078468,700.3492061585845],0.16353374000652043
2,ABC,1,10000,[0.0473803482211672,0.00047446232261289,0.7806008266721004,0.04142621695671661,0.003891278589776235,0.7765902142280003,687.9949675034851],0.19404777752847116
2,ABC,2,10000,[0.01790346930814148,0.0009078600831386631,0.6618942444635791,0.07678358052054442,0.003636592169106318,0.7856176341708632,633.0782322495448],0.16610036358134864
2,ABC,3,10000,[0.01162192431745442,0.00017247159197497533,0.7651137934345846,0.07436184273666702,0.0036980345771169265,0.7818900469658278,691.8536004115609],0.1698512613379463
2,ABC,4,10000,[0.025560801893590238,0.0002377962620794641,0.7684400766819794,0.06606941817914587,0.003910232150817389,0.7768697976544499,900.7220031921033],0.19049368103740605
2,ABC,5,10000,[0.0001,0.00022508041977487172,0.7377639523202114,0.09556971653342114,0.0035974989995149367,0.7893549772484381,648.906467285933],0.15677139941979729
2,ABC,6,10000,[0.007370466271854808,0.0003901543678427832,0.7132111125319454,0.08228287506359179,0.003747639920926334,0.7861582588978304,650.7359437254964],0.1818653306754166
2,ABC,7,10000,[0.04512853241886305,0.00015594251203524895,0.862193750745207,0.04814369248958339,0.003482749540890117,0.7940967813786401,704.622999399603],0.18356754785383692
2,ABC,8,10000,[0.04757855587748164,0.0006384140758974729,0.7701260499372393,0.045682544262612215,0.0036035919046031144,0.7857836132867103,661.2797450216779],0.17731405574420137
2,ABC,9,10000,[0.05967557672068188,0.00012762117477925592,0.9303756091461443,0.03341433668371638,0.0035769493164602125,0.7906743675420341,639.9878261454874],0.17939182359967976
