ECM-Num,GOA-Name,Repeat-Time,Iteration,Fitted-Parameters-List,Chi-Square
9,DE,0,10000,[1.0000057744390818e-11,2.8748465382609097e-05,0.9114677703451951,23.17221513374146,6.626675182871797e-05,0.7316627097133432,27335.27912940058],0.10720629621008218
9,DE,1,10000,[1e-11,2.874846550843334e-05,0.9114677699600029,23.172215224055314,6.626675166973692e-05,0.7316627097579289,27335.278920488814],0.10720629621008217
9,DE,2,10000,[1e-11,2.8748465575743434e-05,0.9114677697271248,23.17221497233576,6.626675180001697e-05,0.7316627093394054,27335.278996464855],0.10720629621008218
9,DE,3,10000,[1.0000007273299904e-11,2.8748465160537126e-05,0.9114677708677239,23.172214529429635,6.626675226894933e-05,0.7316627099898929,27335.27897613661],0.10720629621008215
9,DE,4,10000,[1e-11,2.8748465643123543e-05,0.9114677695571618,23.172215095278464,6.626675140570967e-05,0.7316627103299376,27335.27876711579],0.10720629621008212
9,DE,5,10000,[1e-11,2.8748465650589593e-05,0.9114677694874569,23.17221508000816,6.626675129629844e-05,0.7316627105863032,27335.278822340304],0.10720629621008217
9,DE,6,10000,[1e-11,2.8748465546744364e-05,0.9114677699429905,23.172215018204188,6.626675155928615e-05,0.7316627098442475,27335.27880564095],0.1072062962100822
9,DE,7,10000,[1e-11,2.8748465383157012e-05,0.9114677703958055,23.17221493794613,6.626675196875572e-05,0.7316627091973305,27335.279309779104],0.10720629621008217
9,DE,8,10000,[1.000002857744137e-11,2.8748465574128302e-05,0.9114677697500178,23.172215273770114,6.626675156798213e-05,0.7316627099786351,27335.278853458723],0.10720629621008211
9,DE,9,10000,[1.0000002852570748e-11,2.87484652463757e-05,0.9114677707450236,23.172214881689012,6.626675224969506e-05,0.7316627094551027,27335.27919704241],0.10720629621008212
9,WOA,0,10000,[1.3425999278959384e-10,2.830345343001114e-05,0.9127698820826883,22.694527566820856,6.684851187359795e-05,0.7317568728541247,27365.869069508466],0.10723782210257918
9,WOA,1,10000,[1.2772177392193672e-10,3.279270669953233e-05,0.9008336349823662,30.293331336356978,6.153137169873342e-05,0.7302244380042202,26805.387986934766],0.1090604568138388
9,WOA,2,10000,[1.592971397731834e-08,2.5992167869978383e-05,0.9194739439728815,18.882013844838927,6.975329752994657e-05,0.7319376635153372,28082.676804091],0.10833407476653603
9,WOA,3,10000,[1.8391008206300276e-09,2.6957013803340188e-05,0.9165670339970088,20.247431841833034,6.840908576067154e-05,0.732206633864922,27616.535918632668],0.10767081422416311
9,WOA,4,10000,[4.051413240301124e-08,2.979098827329902e-05,0.908605607511917,24.862712644387386,6.492125450881592e-05,0.7315819407425077,27025.893783201234],0.10735179558502415
9,WOA,5,10000,[8.807312682804352e-09,2.961975078661289e-05,0.9091079287992103,24.783166574759736,6.52250842227305e-05,0.7314485716323634,27267.510748497567],0.10731976086811001
9,WOA,6,10000,[2.0468818031718923e-09,2.505313037206118e-05,0.9222974513386558,17.20322623534154,7.065926269133795e-05,0.7328083088612107,27941.166036253282],0.10945698408780899
9,WOA,7,10000,[5.009412424595125e-08,2.9542236609653643e-05,0.9093077034815846,24.63477322114157,6.533642955686382e-05,0.7314479164635975,27129.156532193472],0.10730210806385913
9,WOA,8,10000,[3.057418698213985e-09,3.1710355937868826e-05,0.9035580430541736,28.323613818496565,6.280545578397327e-05,0.7306468236464867,26828.097245156583],0.10824524957246401
9,WOA,9,10000,[6.809143996176942e-10,2.9689327862916114e-05,0.9088455094287525,24.48131732656223,6.525192521663215e-05,0.7309361202084254,27249.535857924795],0.10730663318146802
9,ABC,0,10000,[1e-11,4.767878578108727e-05,0.872747711761161,79.36974912354262,4.907742776711321e-05,0.706339606754162,29735.9554136632],0.1536049354129181
9,ABC,1,10000,[1e-11,4.325431597549787e-05,0.8790653759930247,47.82129079257042,5.711516666729853e-05,0.662267364389174,35113.28059149618],0.16719838329455566
9,ABC,2,10000,[1e-11,5.900795292584212e-05,0.8541304431633451,169.22928571084083,4.0439661161354415e-05,0.6690226750137592,27746.12356365392],0.18913459978000682
9,ABC,3,10000,[1e-11,5.6734493109299964e-05,0.8568802852927355,175.94401094544548,4.070103161489802e-05,0.6757273317067066,31384.6966931815],0.17959981557008492
9,ABC,4,10000,[1e-11,3.7710266367115434e-05,0.8900657151166017,62.088593199081146,5.898879331632546e-05,0.7174250676510594,32112.72924577395],0.14532667289976517
9,ABC,5,10000,[1e-11,4.1366504641768447e-05,0.8829446912207146,55.776106447248736,4.8472472234558796e-05,0.7598944887982114,24531.33649869919],0.14394493517863846
9,ABC,6,10000,[1e-11,4.405842474968718e-05,0.8780014904043134,37.759141179618034,6.831138309143487e-05,0.6107145686764157,62980.709243539546],0.23869492001058124
9,ABC,7,10000,[1e-11,4.932609886088837e-05,0.8694341386480848,118.08644068823192,5.2174663209025694e-05,0.6853099008238394,30792.762713345135],0.17144697114249371
9,ABC,8,10000,[1e-11,5.128189584408608e-05,0.8645669797152518,108.72024470366605,4.405928971761625e-05,0.6995724179865593,30231.523583345646],0.15613248217667514
9,ABC,9,10000,[1e-11,3.696409825123717e-05,0.8962623089440164,52.51766438160802,5.431343678734894e-05,0.7317729453012413,22521.908679201533],0.15767848729353712
9,ICA,0,10000,[5.7984679130879004e-08,5.10157550452432e-05,0.8650080923858651,56.80069218280165,5.751036029941005e-05,0.6122029961172732,48843.641657486594],0.21163809634396036
9,ICA,1,10000,[7.32654004004053e-08,9.094937471745565e-05,0.8121448961656539,671.4760245634769,1.0000000014019978e-07,0.6473263663453535,24528.963142073866],0.3498288205559663
9,ICA,2,10000,[4.163994696198809e-08,7.617087317134362e-05,0.8287923905646299,737.3157786713742,2.0978608183529025e-05,0.643712764708784,26839.034433112713],0.2518175151008567
9,ICA,3,10000,[1.5611168379980678e-08,7.310654196252077e-05,0.8335302366655547,716.8121764318234,2.032323206682969e-05,0.713365477765612,24263.37876863557],0.2298807525650393
9,ICA,4,10000,[4.7074072169166513e-08,5.282561070504105e-05,0.8614418713485695,125.24380635169199,3.9512518690793066e-05,0.7273592154656826,24853.883680776227],0.15358909380259894
9,ICA,5,10000,[2.470132649991195e-08,6.416370894880655e-05,0.8482705377670716,606.319552847431,4.4950381894215905e-05,0.5283483596018831,42914.227750732854],0.278347813415453
9,ICA,6,10000,[7.775139677783665e-08,3.687970587933103e-05,0.8910253428045759,37.915493174432996,5.695457744488849e-05,0.727904706950696,26378.44125001204],0.1138163996937384
9,ICA,7,10000,[4.115683593783445e-08,6.653327190427631e-05,0.8428145153952625,738.6416174653216,2.7373237406820352e-05,0.735106896347405,24341.82495073744],0.21170862444971733
9,ICA,8,10000,[4.8160946121075696e-08,6.990431869493385e-05,0.8372550666901093,378.2389750559315,2.8598892644426e-05,0.63090193521066,29162.93723504117],0.22364714373709868
9,ICA,9,10000,[5.904033554818395e-08,7.670280586389657e-05,0.830112042238933,608.973493233522,4.991430847928335e-05,0.30000000000023014,555954.1587522168],0.29904548481823046
9,BH,0,10000,[4.6358463413482286e-08,5.408691893660973e-05,0.859896711549156,128.70225005609757,4.3881881424567844e-05,0.6849245971638841,31144.79084572757],0.1662720492258136
9,BH,1,10000,[5.426892472008874e-08,5.728375328833183e-05,0.8547231166388073,161.96100245934616,4.0222859491032e-05,0.6877061280044647,28978.085642072507],0.17303968076969115
9,BH,2,10000,[4.7459687494134304e-08,5.60808017484914e-05,0.8564197732655344,136.80729664857822,4.1547846358425686e-05,0.6820657771867109,30638.495059275327],0.1705287153883024
9,BH,3,10000,[6.010683060074986e-08,5.3543793309502615e-05,0.860335692611568,122.55613434508606,4.32655706974377e-05,0.6951947538141058,28814.46770974726],0.15963254352764758
9,BH,4,10000,[5.2518744656994475e-08,4.9181139625659934e-05,0.8675240324170663,92.08319202477074,4.562665476037549e-05,0.711547638734717,27486.07703497032],0.1436146402901802
9,BH,5,10000,[4.440341249110317e-08,5.4394618212543096e-05,0.8591405494924905,127.20195192501136,4.284799819899933e-05,0.6905234794904415,30000.538911920186],0.16395547532858945
9,BH,6,10000,[4.538792707267372e-08,5.370811807315393e-05,0.8601007608290682,116.34502704428877,4.214994664638228e-05,0.7018829754642616,27189.720379412953],0.156848768560536
9,BH,7,10000,[5.772823489470736e-08,5.712274072907082e-05,0.8547338109639359,148.92096081543738,4.0922776066843546e-05,0.6793206217931047,28936.937910568984],0.17308804066303685
9,BH,8,10000,[5.363028908530309e-08,5.479674393947628e-05,0.8582835933289373,134.10520608139726,4.1479394761951e-05,0.6967254839921714,28889.45264232784],0.16324100556767798
9,BH,9,10000,[5.245410542784371e-08,5.671259174983694e-05,0.855333907251145,138.45555516962676,4.11015091978714e-05,0.6795538771065917,29464.631905398677],0.1712260441610647
