ECM-Num,GOA-Name,Repeat-Time,Iteration,Fitted-Parameters-List,Chi-Square
9,DE,0,10000,[1e-11,4.538666185486172e-05,0.8577342931410084,11.58955034351071,7.969195349740491e-05,0.7364033232555313,24896.398161867957],0.33432413567287217
9,DE,1,10000,[1e-11,4.538666268980854e-05,0.857734291525772,11.589550785632518,7.96919522791294e-05,0.7364033242165391,24896.397784634977],0.33432413567287217
9,DE,2,10000,[1e-11,4.538666249528639e-05,0.8577342918860135,11.589550471775878,7.969195228209658e-05,0.7364033247653128,24896.39772924601],0.33432413567287217
9,DE,3,10000,[1.0000000945680445e-11,0.00012986315382627276,0.7692736686165246,0.01,6.955279035540973e-07,1.0,28105.770638234775],0.4274876809004528
9,DE,4,10000,[1e-11,4.5386662225062495e-05,0.8577342925445033,11.589550638306534,7.969195259755794e-05,0.7364033245712053,24896.3978919563],0.33432413567287217
9,DE,5,10000,[1.0000001955124901e-11,0.0001298631536527137,0.7692736692753395,0.01,6.955278235331573e-07,1.0,28105.770556639527],0.4274876809004529
9,DE,6,10000,[1.0000007543392774e-11,0.00012986315391806243,0.7692736684392407,0.01,6.955279252934812e-07,1.0,28105.77072779165],0.42748768090045286
9,DE,7,10000,[1e-11,0.00012986315398370025,0.7692736686452796,0.01,6.955278603813128e-07,1.0,28105.77078353261],0.4274876809004528
9,DE,8,10000,[1e-11,4.538666249183879e-05,0.857734292088288,11.589550689138475,7.969195266746311e-05,0.7364033238072424,24896.398333845635],0.33432413567287217
9,DE,9,10000,[1e-11,4.538666147061959e-05,0.8577342938189856,11.58955032462193,7.969195357959211e-05,0.7364033242284416,24896.397863690367],0.33432413567287217
9,WOA,0,10000,[5.18063709579031e-08,4.964367479904429e-05,0.8508478625203867,13.487400939063939,7.481399097364883e-05,0.7376799204604135,24536.253612039418],0.3346918904718836
9,WOA,1,10000,[1.8688242682245658e-08,5.558638169138353e-05,0.8376442488614053,7.904265856178474,7.230631605128865e-05,0.7133180470266298,28590.10833634128],0.3753177602100555
9,WOA,2,10000,[5.428319425435026e-08,7.63901036427556e-05,0.8150730238848765,23.55923151060284,4.673743707316891e-05,0.7698271270191995,21967.671293830394],0.367731844102527
9,WOA,3,10000,[8.590404877129678e-08,5.179930085129501e-05,0.8475287140326049,14.398541479730438,7.243609777544653e-05,0.7382106014585138,24491.802663740807],0.33510997346806753
9,WOA,4,10000,[1.1329642092900219e-08,7.2637108367548e-05,0.8210693002453039,28.904293169672084,4.995818886931978e-05,0.7445966112929943,31092.050144145065],0.3695538373794536
9,WOA,5,10000,[2.6614729368027126e-09,5.0715480978105595e-05,0.8486612436839666,10.971429513678698,7.776574386005488e-05,0.725278256462639,30401.368932496087],0.3448815831578596
9,WOA,6,10000,[5.255610115962098e-08,6.417958101506281e-05,0.8308760963617133,22.303485871797452,5.8410267446635345e-05,0.7454498788238154,23266.04910570891],0.34063499292292343
9,WOA,7,10000,[1.574359336773489e-10,5.92817440083491e-05,0.8370045861657909,18.36257079164274,6.388267135918136e-05,0.7418826421402348,23708.040007994627],0.337714379739655
9,WOA,8,10000,[7.868869038849743e-08,3.7108652645849925e-05,0.8729305653293236,8.353971529756931,8.955555961123328e-05,0.7342546800431309,26198.82999202951],0.33611109948791146
9,WOA,9,10000,[1.4089091972519443e-09,2.1088470737861464e-05,0.9151021309813243,4.490153390772669,0.00011193851902354533,0.7308421920112839,38889.3389094608],0.3655873106241315
9,ABC,0,10000,[1.96947871795714e-10,8.002961737603724e-05,0.8144569970686277,30.249420996855516,5.159992168927749e-05,0.7108012736551096,28793.469586215928],0.37325907842285255
9,ABC,1,10000,[1e-11,8.064165434722875e-05,0.8105359981077302,24.153057224479948,4.1794651052845146e-05,0.747726147700811,22977.20944369727],0.35839511015462144
9,ABC,2,10000,[1e-11,7.659693653162444e-05,0.8170439250328062,30.762648659723034,5.155001217722659e-05,0.726586057188094,30496.968010814613],0.3637682835418359
9,ABC,3,10000,[1e-11,9.428650800641005e-05,0.802908368741371,56.9150310584464,2.945278485517729e-05,0.7418003020252608,21535.74202463135],0.3837715963405306
9,ABC,4,10000,[6.107520689744286e-09,5.864058760917264e-05,0.841740835190477,23.413980524137333,7.388746316458342e-05,0.7118220969987443,27031.207592258408],0.37412561695199775
9,ABC,5,10000,[1e-11,6.043363477117706e-05,0.834840711818988,13.629799997116532,7.199790740513402e-05,0.709111133778172,28617.506518817005],0.3570557523040782
9,ABC,6,10000,[1e-11,9.068012573201163e-05,0.8042480406322925,58.747019983405785,3.0248783994879507e-05,0.7879707994492762,19822.36036903073],0.37226752155589116
9,ABC,7,10000,[1e-11,6.517015205614163e-05,0.829302830075305,20.292963336409564,5.725072154871705e-05,0.7446419490064098,29653.305403260158],0.3574975140698097
9,ABC,8,10000,[1e-11,5.5669492404153644e-05,0.8397889436761509,15.50095792344435,6.944065837021468e-05,0.7377507646013397,24011.270190518055],0.3415532555475573
9,ABC,9,10000,[1e-11,5.443376987160521e-05,0.8456310232340983,17.272152445351832,6.914797787324103e-05,0.7426694016600561,21591.69206715133],0.3438954458683071
9,ICA,0,10000,[4.9806439579049226e-08,8.421771972467646e-05,0.8123850923665757,32.96154786913156,5.776628555378775e-05,0.6329873257301264,41604.1819766463],0.45142146298144636
9,ICA,1,10000,[1.9977358226903853e-08,0.0001270039079999226,0.7774351406576372,71.67948958560756,1.0000000001231293e-07,0.4533781733992883,26233.008421557875],0.43463904000876075
9,ICA,2,10000,[4.102957034673613e-08,8.095177349486726e-05,0.8132230559545588,23.80061363242309,6.0359351682285747e-05,0.6371883291153181,42922.06480629551],0.4483073436675477
9,ICA,3,10000,[6.292553086964069e-08,0.00012043172734590291,0.779107783494977,48.943024541068084,2.5763084444434373e-05,0.5648272950449496,275203.08593237237],0.5766522168345747
9,ICA,4,10000,[2.6661376635003144e-08,0.00012441682665943255,0.7788404291416233,66.40464031795355,3.098691405243315e-05,0.30000000000004956,80635.08405200361],0.48186637998068244
9,ICA,5,10000,[6.355760475956668e-08,0.00012136140677023074,0.7817376125814979,40.78675357496647,1.7920433305381804e-05,0.3000000000005754,39484.543408420395],0.45477508290509266
9,ICA,6,10000,[2.6161529248740372e-08,4.9761167950192e-05,0.8502618926850977,12.631337781818177,7.656233768976981e-05,0.7316347959243056,25481.215317501606],0.3355151751394617
9,ICA,7,10000,[5.6927078861487554e-08,4.2796214774152274e-05,0.8616645516079727,7.711074967798634,0.00010301254175441773,0.6868095807350583,217608.2568139062],0.4847518223445454
9,ICA,8,10000,[6.785845389871939e-08,0.00012964042969425117,0.7741960365161643,31.453063948205315,1.000000001617188e-07,0.8112614800939822,27646.639951716814],0.4374688763652941
9,ICA,9,10000,[9.515910043347258e-08,0.00013161732750740785,0.7721523984302548,55.440137845674535,1.0000000627523654e-07,0.8116870831046411,28726.180978614833],0.44454327122259923
9,BH,0,10000,[4.7305910405795186e-08,0.00012317185797588103,0.7801196490975092,67.835555082323,1.1823980215936179e-05,0.41881660972594775,33384.33795587804],0.44705736232352267
9,BH,1,10000,[5.917861812995223e-08,8.60893996795355e-05,0.8072945100722029,40.964578540028675,3.819637585903778e-05,0.7463488218490225,25978.02712071021],0.3605926066310609
9,BH,2,10000,[5.449363070593986e-08,0.00012516298765354205,0.7786808114247008,50.92431109291423,1.091022894394448e-05,0.3615758520722375,37401.69345391171],0.4481374616772126
9,BH,3,10000,[4.466303958563434e-08,6.874928285614826e-05,0.8252489001241652,23.691029695955248,5.4905849201580715e-05,0.7417700567589564,24030.467755930058],0.34302311324113366
9,BH,4,10000,[5.841711520360289e-08,0.00012371549359402645,0.7793655834919881,50.15410436229534,1.5780836001957454e-05,0.35799728201772146,39808.340827403226],0.45310885726092115
9,BH,5,10000,[6.95148360622139e-08,0.00012438792806223934,0.7792410659508585,43.15287395035481,1.0685330810411737e-05,0.3767850227707817,34516.34072231302],0.44608769215659727
9,BH,6,10000,[6.17306223262425e-08,6.460027140766102e-05,0.8300540286399084,20.42073686976453,6.0176966152104434e-05,0.7369511589386888,25289.12744537225],0.34126568427634446
9,BH,7,10000,[4.704781940076965e-08,0.00012297348132766844,0.7804231748506514,59.3907259194765,1.67192402936408e-05,0.33867758511836643,40301.64039999227],0.45318569023260113
9,BH,8,10000,[5.989871277094665e-08,7.310535359324331e-05,0.8201570964738998,26.389884471244244,5.129185985366884e-05,0.7403781853052612,24552.96914640833],0.3467525974774797
9,BH,9,10000,[4.073379516156393e-08,7.029050501066814e-05,0.8230319617973679,24.078217457573466,5.4524494140346976e-05,0.7388272902810555,24608.142802960916],0.34498262946078556
