ECM-Num,GOA-Name,Repeat-Time,Iteration,Fitted-Parameters-List,Chi-Square
9,DE,0,10000,[1.0000000905796602e-10,4.0900048165657563e-05,0.8967421860332987,252.6376744922353,0.00013882149087076273,0.7768147736539707,23889.506860152156],0.9926280698718555
9,DE,1,10000,[1e-10,4.090004782319981e-05,0.8967421869332404,252.6376682060049,0.00013882149217760964,0.7768147690441026,23889.508008519457],0.9926280698718555
9,DE,2,10000,[1e-10,4.090004813762607e-05,0.8967421863996593,252.63767183353025,0.00013882149062180609,0.7768147727767106,23889.50694415097],0.9926280698718557
9,DE,3,10000,[1e-10,4.090004812577977e-05,0.8967421860192336,252.63767054028128,0.00013882149149247388,0.7768147716478534,23889.507594361145],0.9926280698718554
9,DE,4,10000,[1e-10,4.090004779167713e-05,0.8967421869887926,252.63766933766465,0.0001388214913363095,0.7768147711846872,23889.507287002376],0.9926280698718557
9,DE,5,10000,[1.0000000405577713e-10,4.09000480343993e-05,0.8967421864094643,252.63767079608724,0.00013882149124712378,0.7768147720723869,23889.507367382626],0.9926280698718555
9,DE,6,10000,[1.0000000086794444e-10,4.090004811787074e-05,0.8967421860974644,252.6376718171645,0.00013882149142761262,0.7768147712670023,23889.506913954086],0.9926280698718557
9,DE,7,10000,[1e-10,4.090004806147939e-05,0.8967421863392198,252.63767067048525,0.0001388214915567117,0.7768147700612946,23889.507755624836],0.9926280698718554
9,DE,8,10000,[1e-10,4.0900047761246934e-05,0.896742186995348,252.6376703111679,0.00013882149119709517,0.7768147725223756,23889.50758089796],0.9926280698718555
9,DE,9,10000,[1.000000034578017e-10,4.090004821420229e-05,0.8967421859378472,252.63767165223487,0.00013882149125963645,0.7768147700285711,23889.50743024292],0.9926280698718555
9,WOA,0,10000,[5.2631016467537525e-08,4.51656940634797e-05,0.8876503988601533,270.53312302658975,0.00013229589483650076,0.7867681948780156,21223.271392592724],1.0035368168685679
9,WOA,1,10000,[9.149506789763222e-09,4.1042348562386634e-05,0.8964392896926535,255.07386188161385,0.0001384606019263076,0.7779500954029336,23832.149899129345],0.9926519415886212
9,WOA,2,10000,[4.6709555202965256e-07,4.059187957434481e-05,0.8974267238287293,248.7476753451419,0.00013935467595911622,0.7755311644407077,23817.084910781083],0.9927107555430322
9,WOA,3,10000,[3.138678055817596e-07,4.07264859479038e-05,0.8971716598137649,252.5425039281187,0.0001390279390485516,0.7770830489964262,23607.75679507663],0.9926808566382304
9,WOA,4,10000,[1.0161851379757146e-07,4.058206689815011e-05,0.8974511114883273,247.9123610776568,0.00013909207860278398,0.7751035207582304,24172.910030817926],0.9927302867925621
9,WOA,5,10000,[5.716930739948343e-09,4.1052270201324523e-05,0.8964440776288192,254.10724296488414,0.00013855050530304274,0.7777870607978149,23712.940940044824],0.9926443733014919
9,WOA,6,10000,[2.611612590809422e-08,4.077960068092617e-05,0.897024136234193,250.400866539092,0.0001393706100989544,0.7745786333659599,24373.522867794174],0.9926626181769818
9,WOA,7,10000,[3.670581751077742e-10,4.0908519816511065e-05,0.8967126614532515,252.88470205591352,0.00013888146299759996,0.7766257960767119,24070.649864775547],0.9926354178972371
9,WOA,8,10000,[1.4362576982598135e-07,3.466769179566102e-05,0.9102011496528374,175.77361979185892,0.00015706575132629102,0.7202282971590752,48737.71295468208],1.0243765514393133
9,WOA,9,10000,[6.050379731791809e-09,3.968192378160941e-05,0.8995637127374567,235.06678773735902,0.0001496699144531901,0.7490712881266527,36929.180617396145],1.0014724674546407
9,ABC,0,10000,[1e-10,5.107851636730699e-05,0.8751036699006112,314.66653452415085,0.00016184857799908964,0.7445000389457619,41664.443907479945],1.1306491191402124
9,ABC,1,10000,[2.310543933442104e-08,4.370936350426706e-05,0.8965511422141828,213.97780969600103,0.00016429615145941497,0.6852937049795679,133247.9944110766],1.124625399063579
9,ABC,2,10000,[1e-10,3.9033474778869706e-05,0.8971413330022524,218.0417062998847,0.00017548620293508956,0.6851986396712457,136220.54736692208],1.084488927791614
9,ABC,3,10000,[1e-10,3.8169962034158194e-05,0.9013145047063722,179.96803998179448,0.00015740579304371983,0.7003276968196405,49098.17697436872],1.0279716532614598
9,ABC,4,10000,[1e-10,3.995916187615241e-05,0.8934990201197184,246.6300118705023,0.00015191210397599581,0.7583842945129288,29408.23013992596],1.0578106728764134
9,ABC,5,10000,[1e-10,3.640910156269118e-05,0.9073053811530338,184.882161309996,0.00018651725893599155,0.6829714869846382,322603.33868513594],1.0811038199340737
9,ABC,6,10000,[1e-10,5.407392444165163e-05,0.8718469594144349,351.77315083991436,0.0001389195558232136,0.7515079163869528,55433.67736586587],1.1067034601611407
9,ABC,7,10000,[1e-10,3.339841327587862e-05,0.9170741489990017,198.41362622872322,0.00018384705163012954,0.6912432063459197,277259.8200751274],1.0946237057294126
9,ABC,8,10000,[1e-10,3.826735990163174e-05,0.9008443262078837,265.2660365775991,0.00013122921123455544,0.8138377823483097,15028.103311180872],1.0414372670451912
9,ABC,9,10000,[1e-10,4.727008301265937e-05,0.887668209994655,356.3444621509294,0.00010701998499453323,0.8696693443036795,13444.730631067832],1.0941113942953362
9,ICA,0,10000,[1.6862937703415172e-07,8.449277461956476e-05,0.8306737612557515,748.2185877586898,9.163452268736195e-05,0.8568896088717768,28572.429028306793],1.528961081337398
9,ICA,1,10000,[4.210526786789523e-07,4.1449752192109084e-05,0.8955147954261165,259.1214100034669,0.00013716655261585293,0.7817610739010663,22876.336611086354],0.9928507339925631
9,ICA,2,10000,[2.1759335175170395e-08,4.1022187618101734e-05,0.8964603131434423,254.01504982705262,0.00013848939288826814,0.7778539137426627,23719.754557146345],0.99263746729596
9,ICA,3,10000,[5.245006616168412e-07,9.642706172535942e-05,0.8197902423753546,1471.325120730859,6.72879246781291e-05,0.9975255152936316,16362.04912721394],1.8309436005406796
9,ICA,4,10000,[5.590705260272105e-07,4.519379000364057e-05,0.8869923392926369,270.11242396780693,0.00013407550094846516,0.7683569217839891,27618.968421115344],1.0084918702256531
9,ICA,5,10000,[1.0000000954792877e-10,4.133685482081048e-05,0.8957625910431569,257.9345603075953,0.00013701478926584734,0.781671893605454,23041.787556936102],0.9928121069414426
9,ICA,6,10000,[5.828849619299988e-07,4.7523082322883996e-05,0.8827703538595403,329.9492539474343,0.00011844275189371721,0.8349683126884542,17268.184048752275],1.021850244403594
9,ICA,7,10000,[6.265758258422663e-07,0.00010311985195266223,0.812855919590045,936.9367924645466,7.6336360608198e-05,0.8730010472078763,24938.49382874583],1.844132158278004
9,ICA,8,10000,[5.966185322314347e-07,4.7096899306417066e-05,0.8841601275662834,311.8012365963056,0.00012763829613394827,0.8074801967536528,19602.539888314364],1.0098978457595236
9,ICA,9,10000,[5.914030933098391e-07,5.88473860411993e-05,0.8638602809085874,534.47179899108,0.00010297506708867901,0.8853256231812447,16047.055776141644],1.1573977349922453
9,BH,0,10000,[4.265372691181243e-07,5.117321007247836e-05,0.8761426326141992,309.992775379442,0.00015760319264384402,0.707009722436733,371629.58802594926],1.1215633273450336
9,BH,1,10000,[4.830240359789146e-07,4.774954216066778e-05,0.881460476158465,282.7959133013672,0.00015885237980076843,0.7100258125424115,379325.97622210806],1.0905263236336364
9,BH,2,10000,[5.15496761851194e-07,4.536249395711975e-05,0.8871398943951604,276.972187973815,0.00016329047077065124,0.7121330016079128,372660.08502118493],1.0789561237956167
9,BH,3,10000,[5.16958884068565e-07,4.8437432607227985e-05,0.8807333842314343,274.7654632384335,0.00015983362046019788,0.7042750904651695,608744.7065686799],1.0958092083865756
9,BH,4,10000,[4.386557831717963e-07,4.632042182268922e-05,0.8854341630340328,276.30174552616734,0.00016131021398959683,0.7086257672150152,535344.6271179259],1.0831544519012204
9,BH,5,10000,[5.045215749635387e-07,4.8326506932713584e-05,0.8805921779745147,278.5576409998731,0.00015816952864242505,0.7044194682443605,491256.11309628753],1.094478080535719
9,BH,6,10000,[4.616750842938835e-07,5.127084825635962e-05,0.8751643293967549,302.32645946049513,0.0001553840276047278,0.7100870486763747,571496.1848644592],1.1216996785280067
9,BH,7,10000,[4.839425600224436e-07,4.642485008394755e-05,0.8845455097711798,270.5524591029526,0.00016104648298434935,0.7063428095737114,445105.0529597192],1.0807584258208685
9,BH,8,10000,[5.048182243799388e-07,4.8284571350423564e-05,0.880086306597602,288.55921338738955,0.00016174765448247338,0.7078810364905208,406155.71686087706],1.10041581524875
9,BH,9,10000,[4.905447040963122e-07,5.053931260510019e-05,0.8760894246828456,316.38971804791754,0.0001604305949142261,0.7114996747900642,302137.2392794542],1.1226711276185781
