ECM-Num,GOA-Name,Repeat-Time,Iteration,Fitted-Parameters-List,Chi-Square
9,DE,0,10000,[1.0000000419911388e-10,2.830378361390538e-05,0.93059368006796,87.84549555571095,8.673510518760898e-05,0.7446029351057787,29501.857044926466],0.114913849812945
9,DE,1,10000,[1e-10,2.830378374211097e-05,0.9305936796605974,87.8454958260691,8.67351048963691e-05,0.7446029355207423,29501.85694426297],0.11491384981294502
9,DE,2,10000,[1e-10,2.8303783809289317e-05,0.9305936796088226,87.84549628692237,8.673510515049815e-05,0.7446029347561308,29501.85695962601],0.11491384981294504
9,DE,3,10000,[1.000000005545513e-10,2.8303783545059222e-05,0.9305936803372241,87.84549471443421,8.673510528564579e-05,0.7446029348264569,29501.856613138745],0.11491384981294502
9,DE,4,10000,[1e-10,2.8303783707879612e-05,0.9305936798235634,87.84549513070766,8.673510504341207e-05,0.7446029354833644,29501.856568490926],0.11491384981294502
9,DE,5,10000,[1e-10,2.8303783686748566e-05,0.9305936797780198,87.84549542460724,8.67351049708005e-05,0.7446029360954848,29501.856751112075],0.11491384981294499
9,DE,6,10000,[1e-10,2.8303783761317887e-05,0.9305936797054604,87.84549568847771,8.673510521713881e-05,0.7446029355465845,29501.85710988053],0.11491384981294503
9,DE,7,10000,[1e-10,2.8303783780238076e-05,0.9305936796205934,87.84549517188492,8.673510500937526e-05,0.7446029349963025,29501.856771215138],0.11491384981294507
9,DE,8,10000,[1e-10,2.830378367407294e-05,0.9305936797453652,87.84549415970237,8.673510533856357e-05,0.7446029344824275,29501.856818946213],0.114913849812945
9,DE,9,10000,[1e-10,2.83037839271329e-05,0.9305936790651608,87.84549668636238,8.673510502453963e-05,0.7446029350001692,29501.8569797469],0.11491384981294493
9,WOA,0,10000,[4.139052336570482e-08,2.8942064892862912e-05,0.9287119380827779,93.22492532478852,8.556554209746755e-05,0.7471856012664831,28948.818417453895],0.11507726951601081
9,WOA,1,10000,[7.790951874600513e-08,2.8024833476134973e-05,0.93143162747398,85.70986811435378,8.709933007485697e-05,0.74400000200525,29746.393131530433],0.11494780607922504
9,WOA,2,10000,[1.557979062434799e-08,2.510466478454722e-05,0.9406227646529023,64.19423290343882,9.306693963504912e-05,0.7311378951595704,33732.21662941942],0.11946926040208425
9,WOA,3,10000,[7.464203842639842e-09,2.9042659467088733e-05,0.928444529797472,93.96597796641665,8.544413836964089e-05,0.7474652418187644,28790.62283666308],0.11512974613255907
9,WOA,4,10000,[4.551428002154038e-08,2.9602081877464487e-05,0.9268288458044275,99.64524198837144,8.437190558204996e-05,0.7503668361825591,28311.855858708826],0.11565067789501036
9,WOA,5,10000,[5.7726837420864985e-08,2.8248217710978546e-05,0.9307567642347356,87.2641947950395,8.705171691600233e-05,0.7437381092893811,29801.2460193645],0.11492921024561323
9,WOA,6,10000,[6.779108928593103e-08,2.84213141886901e-05,0.9302535278423495,88.93466856834644,8.66405849551007e-05,0.7447290729854519,29650.64519683258],0.11493187290519433
9,WOA,7,10000,[5.823534464799614e-10,2.8607483540610637e-05,0.9296537975658095,89.21453147252382,8.632910180836327e-05,0.744932540252552,29363.482910589595],0.11494861824685403
9,WOA,8,10000,[5.235525735936307e-08,2.845934213451394e-05,0.9302092214714541,90.57821783501173,8.643532214337917e-05,0.7469717704324611,28750.483062671054],0.11511777538054505
9,WOA,9,10000,[2.5780133275207055e-07,2.7973690924678888e-05,0.9315328743547642,84.71241101984205,8.769568516281046e-05,0.7418115612479351,29841.036609264043],0.11502767928688977
9,ABC,0,10000,[1e-10,3.069559257232409e-05,0.924437840921787,57.56785018271027,9.870457149808941e-05,0.6839847382830768,58443.16019648895],0.1884598134684596
9,ABC,1,10000,[1e-10,2.6462652070428708e-05,0.9353101329086717,88.04518416819832,0.0001037431767398267,0.6941177170445795,66825.54410529294],0.19352653556637675
9,ABC,2,10000,[5.421701833262842e-09,2.3545051935741148e-05,0.9430092833944038,67.66875061230371,9.976238524310675e-05,0.7289120898843309,57033.68924196073],0.1825159713055367
9,ABC,3,10000,[1e-10,3.159143481576699e-05,0.9202351723505473,96.7462545662557,9.368436680658411e-05,0.7182443433735455,72099.60355053254],0.18096249023169012
9,ABC,4,10000,[1e-10,3.1375841103285765e-05,0.9225889359103943,87.67589322286568,0.000101146587934894,0.6940754510013004,40074.10754687763],0.18032303294870564
9,ABC,5,10000,[1e-10,2.999303808316416e-05,0.9257032641856968,109.05099835702264,7.495278620091018e-05,0.7865828793230862,19052.58232095077],0.15609501498282
9,ABC,6,10000,[1e-06,2.3073395490892288e-05,0.9547385948331716,65.90041771896335,9.44718661294486e-05,0.7323491047476253,33336.74943927303],0.18385438297993636
9,ABC,7,10000,[1e-10,3.580070966894975e-05,0.9099873474884207,103.11610974430032,7.570885014225703e-05,0.7503996599114373,29582.200165079354],0.15366043201996987
9,ABC,8,10000,[1e-10,3.011229067175133e-05,0.9241622253919002,75.65065878343007,9.406076124759047e-05,0.7055089893774783,48256.94439412404],0.14383517912968488
9,ABC,9,10000,[1e-10,4.0004196612434556e-05,0.9017105663315932,201.57543044570855,8.32128371543154e-05,0.7445483558502672,30440.034862954926],0.19226623507563895
9,ICA,0,10000,[2.6276685886009165e-07,3.390967278523406e-05,0.9151046500908163,132.53412570183065,7.753531731063067e-05,0.7650470686551188,26142.840796957338],0.1246189339264124
9,ICA,1,10000,[2.3787260170605197e-07,4.2597519203452386e-05,0.8952126139590171,240.06019793010526,6.462380835839523e-05,0.8078035569839632,22462.24735319044],0.17354632541314785
9,ICA,2,10000,[5.685869699437948e-07,2.9461350079479665e-05,0.9271567066388451,96.61323846356159,8.46766662560723e-05,0.7488895205812388,28582.202374981287],0.11537563031389217
9,ICA,3,10000,[4.022396399334287e-07,3.8386854758761324e-05,0.9042722910348227,180.57161129223624,6.955088586733845e-05,0.788599896367488,23341.499641196166],0.14606591092931542
9,ICA,4,10000,[2.404147171264341e-07,3.963240512876464e-05,0.901120023916934,196.60819312408032,6.794375207366606e-05,0.7960389341732983,23097.742196978514],0.15418685146507777
9,ICA,5,10000,[6.167715589084253e-07,4.850529198217251e-05,0.8834825050275881,341.4139424120377,7.234371942104615e-05,0.7358706948184515,31988.564800596014],0.2629854976252117
9,ICA,6,10000,[6.48175683326558e-07,4.110338683023348e-05,0.8969215555695111,142.5216790657821,9.126457346307515e-05,0.679820375900648,49413.31232633389],0.23415285288925283
9,ICA,7,10000,[1.2813982665274216e-07,4.512134867067426e-05,0.8902650361132879,301.0435099291808,5.59065035296496e-05,0.8546849576623766,20032.52234747378],0.21269209681216555
9,ICA,8,10000,[6.06467103465545e-07,3.810468555160032e-05,0.904910041335799,176.57635214153765,6.755516316092403e-05,0.7923504337906344,22572.019018211533],0.14896089060525164
9,ICA,9,10000,[7.783374209952539e-07,4.457089136716902e-05,0.8908273394500261,171.4856234571846,7.979331554932598e-05,0.7036532759860094,37137.499449872135],0.22451706104329786
9,BH,0,10000,[5.42494559168856e-07,3.6792281435785154e-05,0.9074741479362154,144.65420562765442,7.845479741285506e-05,0.7490184794726168,29111.688314484785],0.13755441390781903
9,BH,1,10000,[4.545274049133318e-07,3.61916636168303e-05,0.9089608094554816,141.23625612597027,7.918705738669167e-05,0.7485154688888541,30578.980348676185],0.13590231893334812
9,BH,2,10000,[6.002652468495595e-07,3.5200860347533506e-05,0.9115172736204146,138.63627268635568,7.93617147572738e-05,0.7506821578071371,29569.728967040894],0.13041597607770927
9,BH,3,10000,[3.3101232772846683e-07,3.2737925361391844e-05,0.9179796690845637,121.21878790001878,8.243720843082515e-05,0.7469579152766957,30073.992758148182],0.12244067275048992
9,BH,4,10000,[4.586811202524161e-07,3.659813372298542e-05,0.9080674604750695,149.45088559216805,7.663257837601438e-05,0.756081734513311,27764.06237688341],0.1348743815149417
9,BH,5,10000,[5.160932908710689e-07,3.396418921853577e-05,0.9145868782119252,127.5560415391522,8.031783112744547e-05,0.7506581088645089,28441.748302478492],0.12481231734656671
9,BH,6,10000,[4.71504199525686e-07,3.521092639147018e-05,0.9112672000792051,133.54433771703398,7.925013582564958e-05,0.7506760052610028,29829.453687828685],0.1304864207482505
9,BH,7,10000,[4.831082861698574e-07,3.302104942031745e-05,0.9171035016776534,118.2094728267682,8.215481951412271e-05,0.7472821570186614,29770.51962887526],0.12251091589037764
9,BH,8,10000,[5.264267840181476e-07,3.462305186902904e-05,0.9131888216419135,133.5072693685068,8.001821249534623e-05,0.7497643873421971,29768.75420224979],0.1281430992619574
9,BH,9,10000,[5.172523422931935e-07,3.8138870903878067e-05,0.9045575908587478,162.03076264894594,7.629684002748015e-05,0.7534727255790952,28897.446880529897],0.1439806632029776
