ECM-Num,GOA-Name,Repeat-Time,Iteration,Fitted-Parameters-List,Chi-Square
9,DE,0,10000,[0.003778577133482818,9.840458880403498e-06,0.9999999999999998,17.21058070028441,4.43926398514309e-05,0.723788862852543,39058.873715657726],1.6583477035994838
9,DE,1,10000,[0.0037785765725104822,9.840458922751801e-06,0.9999999999999998,17.21058178251753,4.4392639960095846e-05,0.7237888597769664,39058.87413863751],1.6583477035994838
9,DE,2,10000,[0.003778577818966793,9.840458926419533e-06,0.9999999999999999,17.21058215524589,4.4392639737477475e-05,0.723788861518921,39058.8738355202],1.6583477035994836
9,DE,3,10000,[0.0037785770688235527,9.840458913570458e-06,1.0,17.210581714047585,4.439264037291175e-05,0.7237888585113688,39058.87471374341],1.658347703599484
9,DE,4,10000,[0.003778577822042231,9.840458916959524e-06,0.9999999999999998,17.210582209812326,4.43926399493994e-05,0.7237888617998277,39058.87340179871],1.6583477035994838
9,DE,5,10000,[0.0037785760938784632,9.840458860390549e-06,0.9999999999999998,17.210581452665412,4.4392639700805976e-05,0.7237888623795437,39058.87348639619],1.6583477035994838
9,DE,6,10000,[0.003778577189423069,9.840458918410791e-06,0.9999999999999998,17.210582223673985,4.439263992555754e-05,0.7237888620093477,39058.873970843815],1.6583477035994838
9,DE,7,10000,[0.003778577051810265,9.84045890671806e-06,1.0,17.210582423092003,4.439263975278006e-05,0.7237888625889057,39058.87345346809],1.6583477035994838
9,DE,8,10000,[0.0037785775924661764,9.840458966733224e-06,0.9999999999999998,17.210582155315027,4.439263983180709e-05,0.7237888612330329,39058.87402683813],1.6583477035994836
9,DE,9,10000,[0.00377857692198987,9.84045893410736e-06,1.0,17.21058185838417,4.439264003254234e-05,0.7237888601773246,39058.87383034437],1.6583477035994838
9,WOA,0,10000,[0.00040788162935771917,1.0462905807121564e-05,0.9950455325634993,19.205300839712265,4.3590548991256014e-05,0.7210908638176734,38578.474357066196],1.6603975456606048
9,WOA,1,10000,[0.005199068002209921,9.862226156479665e-06,0.9999991025592562,18.153339391874475,4.411547153832425e-05,0.725298567099536,38492.939788703785],1.6586541212700516
9,WOA,2,10000,[4.6202791857483e-05,1.0034329165080918e-05,0.9983881306575724,17.51459017802054,4.424517846060892e-05,0.7224669421270081,39189.127334721736],1.659511228184116
9,WOA,3,10000,[0.0017224293598128012,1.023642026582737e-05,0.997033770012806,19.571203095023954,4.391320771808362e-05,0.7222546115017506,38831.615474668666],1.659835571185281
9,WOA,4,10000,[0.0008694264574879225,9.871920857606547e-06,0.9997627727052778,17.112595387801058,4.4342019898874876e-05,0.7232877864509054,38941.51135492444],1.6589597372566567
9,WOA,5,10000,[0.00032367659805592765,1.1005364716677087e-05,0.9913215412352078,23.390221348412833,4.3424989897863627e-05,0.716276642232011,39338.239947958886],1.6632401076319612
9,WOA,6,10000,[0.00021652161496431838,1.1774691302877569e-05,0.9858576872141301,27.14006672967802,4.28390908170578e-05,0.710569581057588,39867.91754761492],1.6668126137976433
9,WOA,7,10000,[0.0002368396303433014,1.3297359015031477e-05,0.9760777947456338,35.97312193161022,4.189732816692019e-05,0.697386849323255,40769.34289459086],1.6754488986086515
9,WOA,8,10000,[0.003522064498912867,1.0054940596407918e-05,0.9985929523880056,19.023359036376824,4.429471351932185e-05,0.7221768140089545,39406.11113468526],1.6591854330281608
9,WOA,9,10000,[0.0020304466409666205,1.0210916524565235e-05,0.9970929093015122,18.76724608955403,4.401689645972645e-05,0.7208825760440717,39187.92755878155],1.6594997026675407
9,ABC,0,10000,[1e-05,1.701976072282354e-05,0.9506806789610485,1,4.850104131099572e-05,0.5965435929339002,79222.48774141644],1.7721582924247896
9,ABC,1,10000,[1e-05,1.6006963603290418e-05,0.9680806349796091,68.18026147045998,4.703628241602872e-05,0.6253354808925154,74868.36349400121],1.791632692634209
9,ABC,2,10000,[1e-05,1.844130424243281e-05,0.9472708349258258,1,4.580149895288441e-05,0.5889945318204808,80145.35260760228],1.753049440654051
9,ABC,3,10000,[1e-05,2.4279443642900674e-05,0.9260761816324562,733.8919321218882,3.632342905239854e-05,0.6538194911787005,46253.72150771304],1.7789779242933261
9,ABC,4,10000,[1e-05,2.587597920364431e-05,0.9190311450716404,1020.1879706925913,4.064293082160295e-05,0.5452500082346762,64831.505393505366],1.7988578348224458
9,ABC,5,10000,[1e-05,1.587434298756261e-05,0.9656481449867671,62.01616889809903,5.026794848601654e-05,0.6198391801983891,55927.872366313735],1.7706741879041543
9,ABC,6,10000,[1e-05,2.411131948573531e-05,0.9246224979833093,857.3987359224144,4.5406567398742694e-05,0.575425673306096,69091.4439214952],1.8265526424422682
9,ABC,7,10000,[1e-05,2.2839439421215987e-05,0.9283171420464797,1,4.4313934319318535e-05,0.5286032358995545,158378.2570543997],1.802221288552676
9,ABC,8,10000,[1e-05,2.3953767782789392e-05,0.933357432676223,448.6749386663859,4.664626620158151e-05,0.48445334804951573,118898.66796558359],1.8437448361513438
9,ABC,9,10000,[1e-05,2.298670000901779e-05,0.9317801087246634,475.7359139674919,4.1064626732294126e-05,0.5584843971886997,69212.74342110203],1.771848059086078
9,ICA,0,10000,[1.0131339848712338e-05,3.371130138510112e-05,0.8965832333038536,6343.220584625741,5.9321220734058774e-05,0.45481402565050033,641166.0366636006],1.9182858015376074
9,ICA,1,10000,[1.0000000039444795e-05,3.1979073949694465e-05,0.9020416681531458,5244.635153863058,5.241638540159334e-05,0.5204433099517203,131910.30587752856],1.8886061954762368
9,ICA,2,10000,[1.0000003989316958e-05,2.8230772960991223e-05,0.9129554517116957,962.0139152811214,4.209942442530031e-05,0.4748894611903415,108654.89350216235],1.8120190087217627
9,ICA,3,10000,[1.000011732683172e-05,3.44135875657707e-05,0.8938514930613536,5211.8141452835725,4.7878728782938604e-05,0.4551454343199752,107751.14489734294],1.916102044266106
9,ICA,4,10000,[4.271284356850821e-05,3.521578015792447e-05,0.892807557730583,8245.580026992116,5.488490794106955e-05,0.3716104070709212,687139.910662821],1.973045449783256
9,ICA,5,10000,[1.2200698034719099e-05,3.225216001605156e-05,0.9005101760734501,2508.833082288879,4.798604777748701e-05,0.39253537009852474,387492.0871699234],1.8762455096409496
9,ICA,6,10000,[2.9990467710949623e-05,2.7470976766606352e-05,0.9165475671439389,2362.652093523583,5.1231783433351834e-05,0.5382058528409341,333705.8050441729],1.8863839230103678
9,ICA,7,10000,[1.0000006999447545e-05,3.453151113472413e-05,0.8934135471759608,5455.1546993982065,5.129641776479793e-05,0.3769569490282167,287140.9672798757],1.9295288451120276
9,ICA,8,10000,[1.475549216925286e-05,3.247538419026869e-05,0.900092039137636,5059.071543663904,4.5672076471064696e-05,0.5305148441293822,70844.92201280309],1.8789931055069446
9,ICA,9,10000,[1.0000000029535167e-05,3.113021569459897e-05,0.902802393784007,2448.964296367296,3.942592459112827e-05,0.4966425921795313,81071.89129453844],1.8512337466141322
9,BH,0,10000,[0.0030622498806831544,2.9965453233150455e-05,0.9077781729525118,2437.692687798546,5.081943995758422e-05,0.4339354439748361,479274.21390740765],1.8683909986298586
9,BH,1,10000,[0.004368087690957198,2.916653214350405e-05,0.9101849647260489,1768.3769834638879,4.968225361241876e-05,0.44271612668559135,481410.230899684],1.8626966960307179
9,BH,2,10000,[0.005203639608539273,2.8981157579626593e-05,0.910729010231702,1267.0404628329213,4.891540289360759e-05,0.42918773065844973,473744.84849361377],1.8581582421087062
9,BH,3,10000,[0.004701961879416035,3.006355776275894e-05,0.9077075132001208,2913.222461311505,5.15295426478497e-05,0.45167967794453534,388539.0792113226],1.8815760090533329
9,BH,4,10000,[0.0031713729483046154,3.0432738565928816e-05,0.9065985460616791,2819.725914428157,5.0692136617402126e-05,0.44619467739133434,333805.75868652255],1.8743275972052453
9,BH,5,10000,[0.004954263673661951,3.0444235711383594e-05,0.9063062588087415,2751.660701094483,5.025861413433205e-05,0.44000095472697287,353769.3197756117],1.8813344704902375
9,BH,6,10000,[0.002264885060099032,2.9495928744873242e-05,0.9094916020488896,2009.2672373922028,4.988082006378897e-05,0.4346777495448153,487045.939191352],1.8574459047726566
9,BH,7,10000,[0.002043175572170073,2.895209760363989e-05,0.9103505420283093,1504.433340217822,4.864034519712816e-05,0.44285777991344605,321212.1529086917],1.8464892518596225
9,BH,8,10000,[0.004303528188452728,3.0026265334540198e-05,0.9075743026479365,1510.9287274777034,4.8348412887268516e-05,0.42090544231953403,449371.56408911786],1.8649536089568501
9,BH,9,10000,[0.004426535407988922,2.9910687496858152e-05,0.9081394581725549,2614.4220394959834,4.729180633794051e-05,0.4683452602983047,169297.7362644719],1.868291669681125
