ECM-Num,GOA-Name,Repeat-Time,Iteration,Fitted-Parameters-List,Chi-Square
9,DE,0,10000,[1.0000031460802786e-11,2.479654720283506e-05,0.9195113166950274,2078.3327962848825,3.326051223569634e-05,0.6979996729256469,52319.62255862985],1.1291848916737421
9,DE,1,10000,[1.0000030678104058e-11,2.479654704389092e-05,0.9195113173793554,2078.332820469737,3.326051253426568e-05,0.6979996785333807,52319.62221016304],1.1291848916737417
9,DE,2,10000,[1e-11,2.4796547248886677e-05,0.919511316499178,2078.332789038702,3.326051285315169e-05,0.6979996691468328,52319.62410184803],1.129184891673742
9,DE,3,10000,[1e-11,2.479654716358831e-05,0.9195113167190232,2078.3328276067264,3.326051257431899e-05,0.6979996746062586,52319.62280427042],1.1291848916737421
9,DE,4,10000,[1.0000021795310373e-11,2.479654698900852e-05,0.9195113176083808,2078.3327651885593,3.326051254675618e-05,0.6979996780845371,52319.623111513174],1.129184891673742
9,DE,5,10000,[1.000002065218788e-11,2.4796547185154874e-05,0.9195113165764698,2078.332749089128,3.326051281108047e-05,0.6979996699959456,52319.624473109376],1.1291848916737421
9,DE,6,10000,[1e-11,2.4796547217889282e-05,0.9195113166215381,2078.3328439572074,3.326051219582771e-05,0.6979996829432694,52319.62153260091],1.129184891673742
9,DE,7,10000,[1e-11,2.4796547144616277e-05,0.919511316939385,2078.33279674253,3.326051239850652e-05,0.697999678956475,52319.62267745325],1.1291848916737421
9,DE,8,10000,[1.0000003540157762e-11,2.4796547133761123e-05,0.9195113170897325,2078.332835458532,3.3260512727207605e-05,0.6979996768463037,52319.62328617366],1.129184891673742
9,DE,9,10000,[1.000000015099772e-11,2.479654699280642e-05,0.9195113175410432,2078.3327161257,3.3260512688410053e-05,0.6979996701454617,52319.62395561935],1.1291848916737421
9,WOA,0,10000,[1.447411374440853e-09,2.4607883826566424e-05,0.9199290285031945,2137.7982191553333,3.425914171438213e-05,0.6977348684090044,52510.24667746486],1.1303711227787545
9,WOA,1,10000,[7.069488816886746e-08,2.5148471394693388e-05,0.9184357619253056,1784.8021229804615,3.430931817137914e-05,0.633870629416264,72084.1304799871],1.1387019067388
9,WOA,2,10000,[8.301757909282132e-10,2.4760647731615713e-05,0.9196372699130743,2048.896800287233,3.331873568611643e-05,0.695998555374694,52585.91540891371],1.1291926589810564
9,WOA,3,10000,[6.126413898690864e-08,2.4952138189192898e-05,0.9180039910936951,2099.8125228023564,3.651773295197853e-05,0.6676450014463718,64343.00878220076],1.1351382975098558
9,WOA,4,10000,[1.0357015750528168e-10,2.4737837715483506e-05,0.9197468296685261,2039.6698573889948,3.34076617632247e-05,0.6945938920280466,53112.210471456965],1.1292043731270716
9,WOA,5,10000,[5.891445957636381e-10,2.4789770625301405e-05,0.9195376783600253,2076.13689008491,3.317820228647891e-05,0.6986780988835569,51933.555249935845],1.129191944482553
9,WOA,6,10000,[6.967900711355896e-10,2.4651657302381396e-05,0.9200609041303647,1989.5636655161009,3.364967412587349e-05,0.6905422971722008,53971.919675931764],1.1292749110072406
9,WOA,7,10000,[3.322298951146525e-09,2.471488829496897e-05,0.9197646312167559,2030.4822658346775,3.3705950445566424e-05,0.6892394219835585,53717.68213485459],1.1293057249662344
9,WOA,8,10000,[2.0701447357354718e-08,2.4667453819358313e-05,0.9205411480537189,2058.455355755575,3.452489019965958e-05,0.6641839204332208,51358.470854359184],1.1371527719425638
9,WOA,9,10000,[2.4916422858455545e-11,2.4436942565412153e-05,0.9208556039361477,1801.2125205824234,3.4472678963974186e-05,0.6720158031410456,58153.640501552516],1.1300840769309404
9,ABC,0,10000,[1e-11,2.654596303102784e-05,0.9116627416019205,2602.419897487252,3.9629188367282136e-05,0.6188650045557977,129585.25906666485],1.1652636937502676
9,ABC,1,10000,[1e-11,2.43392691824677e-05,0.9227907726041205,1736.1559561707145,3.945931149843473e-05,0.5962901604469911,107042.97239192763],1.1494377247011995
9,ABC,2,10000,[1e-11,2.6715141912442922e-05,0.9098010681535329,2787.920641286886,4.452483432665476e-05,0.5906043486414974,121129.97894188191],1.1868305057361581
9,ABC,3,10000,[1e-11,2.243416309279998e-05,0.9307383691348916,562.7329419401319,4.4256899832948284e-05,0.5247555696732283,186920.4340658827],1.1725289088944193
9,ABC,4,10000,[1e-11,2.312914948263881e-05,0.9262885147064137,1158.3946646503907,4.7018541168054694e-05,0.5676726059491143,192152.16176817386],1.1744983280457217
9,ABC,5,10000,[1e-11,2.8247682334623254e-05,0.9068737256325132,3584.443123742526,3.8987764948485805e-05,0.6333759754393399,77063.55795472841],1.1683055203570512
9,ABC,6,10000,[1e-11,2.5010662516102833e-05,0.9196121992142215,2219.61241086847,4.171240337346663e-05,0.6550876614670897,95444.14451517223],1.165795975372734
9,ABC,7,10000,[1e-11,1.853920875099439e-05,0.9466102227500837,117.14535638784139,4.294095739558395e-05,0.5891075976418693,97726.9190929866],1.1809101576345746
9,ABC,8,10000,[1e-11,2.3390692626362952e-05,0.9239379249093593,889.9096160402264,4.519370048845042e-05,0.5331954127550265,312937.4623028383],1.1642385329273823
9,ABC,9,10000,[1e-11,2.3216406313239137e-05,0.9249224434897683,1,4.722814993314114e-05,0.4605543952072427,667789.3278371259],1.1793742518308066
9,ICA,0,10000,[3.8218647112646345e-08,2.459675432274015e-05,0.9202039276349622,1904.8733657478374,3.459529424226759e-05,0.6732265983558535,59329.678713363064],1.1300710354536163
9,ICA,1,10000,[7.341958438292257e-08,2.64691561325229e-05,0.9124102002330151,2151.5025569573195,3.452869685813798e-05,0.6331569955218679,65341.47964030749],1.1408061435780186
9,ICA,2,10000,[3.906001851772007e-08,2.6544756967263968e-05,0.9124478100677563,2861.3251365330148,3.079455520188489e-05,0.7405768168205148,45084.33249011175],1.1358645127745657
9,ICA,3,10000,[5.293239513712021e-08,2.6134572558924782e-05,0.9140017464742679,2407.6639819726943,3.434890262098693e-05,0.6661447412932076,60698.19232178988],1.1350850360172404
9,ICA,4,10000,[1.0356898569773774e-08,2.513326930575175e-05,0.9181865882681199,2152.28814430874,3.363108368551981e-05,0.6892090910735459,54129.548611341044],1.1295910110190956
9,ICA,5,10000,[4.568089748220151e-08,2.5260026334501036e-05,0.9174073660252381,1912.909701578339,3.635130244048893e-05,0.6345484582683274,68997.31741201071],1.1346233416016713
9,ICA,6,10000,[6.15631662226046e-08,2.6742696418784625e-05,0.911391976492748,2486.5533035498465,3.425844184725841e-05,0.6582365778495795,63844.31914964694],1.1407099822462081
9,ICA,7,10000,[6.423263441730493e-08,2.7840988162557404e-05,0.9071156082859179,3218.4641172043666,3.122516921527615e-05,0.7210272884054524,48314.02220026929],1.148259036913249
9,ICA,8,10000,[3.802900044572466e-08,2.9034284175609714e-05,0.90364570540661,4434.01428482179,3.2257792093279815e-05,0.7107436190516147,51751.72700480478],1.1680332949149834
9,ICA,9,10000,[1.0000041354651211e-11,2.4809023200815525e-05,0.919458704407529,2082.9648120447623,3.324335576012053e-05,0.6982243801661108,52272.16628682013],1.1291852303902123
9,BH,0,10000,[5.973903113486031e-08,2.6347901748121185e-05,0.9132437337491203,2015.3632917441978,4.216887993110525e-05,0.5489506690819066,188709.82158035936],1.1615217455497306
9,BH,1,10000,[5.3015880914986865e-08,2.644722958384303e-05,0.9128650954355961,2109.611076081943,4.157971526364892e-05,0.5642882180237706,150560.96489632202],1.1588521755411954
9,BH,2,10000,[4.4502290583709545e-08,2.6018225986545026e-05,0.9147038063135478,1977.0901970631546,4.241391428158719e-05,0.5543375245675908,201930.41013909917],1.1607396100650869
9,BH,3,10000,[5.424907214910678e-08,2.5851074861216662e-05,0.9151750640545769,2235.2788934851096,3.7331585961129626e-05,0.6305811147696289,80972.57835632857],1.1405434002623405
9,BH,4,10000,[4.944051364419791e-08,2.670314678523542e-05,0.9120008486689797,2028.259342390115,4.144598617027997e-05,0.5513195225946167,167780.2612593716],1.161660622730018
9,BH,5,10000,[4.333935559801849e-08,2.68345946277221e-05,0.9112026731146421,2243.481709752976,4.162666180704136e-05,0.5560681433846841,174423.41171409076],1.1643409263433597
9,BH,6,10000,[4.7430422683659546e-08,2.6297689227472735e-05,0.9135673496365303,2023.9735807641441,4.124011538056344e-05,0.560672452555998,152312.14762343164],1.1573619515935591
9,BH,7,10000,[4.986946017753425e-08,2.581466791452588e-05,0.914947119182983,1823.9836400291217,4.124998277491049e-05,0.5695632173448683,140141.4938490803],1.1535919634857381
9,BH,8,10000,[5.0901220038943165e-08,2.5396889927228394e-05,0.9170728987750794,1665.600598057077,4.1560076252137405e-05,0.5727752197522309,137454.90953208486],1.151706321524081
9,BH,9,10000,[5.531491219790157e-08,2.6871663488821173e-05,0.9113659982139872,2380.963742311499,3.915393338325675e-05,0.5935940848230684,104183.16677787655],1.1540794472992357
