ECM-Num,GOA-Name,Repeat-Time,Iteration,Fitted-Parameters-List,Chi-Square
9,DE,0,10000,[1e-05,4.233186694683089e-05,0.8959718772461988,877.9863047265055,3.1408140910254034e-05,0.8696770087573242,12820.402457624648],1.0796373246787005
9,DE,1,10000,[1.0000000000002728e-05,4.233186740502014e-05,0.8959718763642058,877.986341287432,3.140814041448341e-05,0.8696770159196805,12820.402383619921],1.0796373246787003
9,DE,2,10000,[1.0000000000009657e-05,4.2331867421851685e-05,0.8959718763070665,877.9863466843576,3.1408140428401724e-05,0.8696770150864515,12820.402408894808],1.0796373246787005
9,DE,3,10000,[1e-05,4.233186728000256e-05,0.895971876418605,877.9863106281175,3.1408140574525166e-05,0.8696770127051936,12820.402385344409],1.0796373246787
9,DE,4,10000,[1e-05,4.233186718406001e-05,0.8959718767813767,877.9863320968701,3.1408140702033644e-05,0.8696770101402366,12820.402468881368],1.0796373246787003
9,DE,5,10000,[1e-05,4.233186726654541e-05,0.8959718767235256,877.9863252880641,3.140814042222359e-05,0.8696770188415927,12820.402417374544],1.0796373246787008
9,DE,6,10000,[1e-05,4.233186728167725e-05,0.8959718767168996,877.986334350387,3.1408140548950463e-05,0.8696770160649764,12820.40241867156],1.0796373246787003
9,DE,7,10000,[1e-05,4.2331867275954935e-05,0.8959718768291949,877.986321903905,3.140814056297568e-05,0.8696770116613094,12820.402337662228],1.0796373246787003
9,DE,8,10000,[1.0000000000000994e-05,4.233186696736551e-05,0.8959718773263,877.9863113201947,3.1408141028702024e-05,0.8696770124479267,12820.40237339924],1.0796373246787005
9,DE,9,10000,[1e-05,4.233186724180139e-05,0.8959718768432589,877.9863239468889,3.1408140631022244e-05,0.8696770118249938,12820.402453204628],1.0796373246787003
9,WOA,0,10000,[0.0009302652035509885,4.1900167225905786e-05,0.8969792367591959,840.4336786203537,3.1948235405153026e-05,0.8647180814759223,12888.130664568544],1.0811147181155492
9,WOA,1,10000,[5.444805554226754e-05,4.2439117353059004e-05,0.8957397468818922,889.5654274163239,3.120585160632018e-05,0.8721249031611328,12781.85669922468],1.0797170243016263
9,WOA,2,10000,[0.00032613852258701523,4.208981747955227e-05,0.8965160262257823,854.0653019183645,3.1750934364791545e-05,0.865689320120182,12879.33241269317],1.0801442010159232
9,WOA,3,10000,[0.0013333736698367359,4.0640137796727246e-05,0.8999630247468356,716.7356498969488,3.381486677272714e-05,0.8423334301043955,13199.563055702783],1.084185698643003
9,WOA,4,10000,[0.0008895640265295226,4.209616200741564e-05,0.8965485089628874,860.9147540529196,3.1732258319460224e-05,0.8664979298589253,12863.808520537139],1.080973682773925
9,WOA,5,10000,[0.0006093393419274157,4.2201885268072896e-05,0.8962942459090061,870.4884556172287,3.1419251498905894e-05,0.8700499829900965,12811.482003579325],1.080533429837595
9,WOA,6,10000,[0.0034680880054234115,4.195517198177218e-05,0.8969709850498448,859.8720849219798,3.158566064395476e-05,0.8697067146168878,12819.873095798677],1.0854881418216602
9,WOA,7,10000,[0.00032328075453103635,4.2296143338845645e-05,0.8960711948102998,877.6476964541912,3.145356570310327e-05,0.8696116446197079,12813.735997692916],1.080096863281318
9,WOA,8,10000,[0.0002760774191561533,4.234444721535517e-05,0.8959644237277614,883.5286493321416,3.1415929417805226e-05,0.8702022698128652,12815.719140982783],1.0800317138547104
9,WOA,9,10000,[0.0003556699515317822,4.247993002975659e-05,0.8956620780150363,895.1534661339147,3.1088479511339724e-05,0.8734327222711966,12769.934146667109],1.080187263835092
9,ABC,0,10000,[1e-05,5.450577492915328e-05,0.8709120681053698,3614.3586891483124,2.641960339463538e-05,1.0,9056.5167987791],1.2045116137025635
9,ABC,1,10000,[1e-05,3.992841939128119e-05,0.8974483478336931,110.77155018189757,5.8364015070725286e-05,0.5876268805155448,28180.251998267704],1.2604855876364522
9,ABC,2,10000,[0.0007045921298965314,2.8541418670522425e-05,0.9260757181098777,1,7.763425114665088e-05,0.6085585099543692,23642.87904197459],1.2728189910609076
9,ABC,3,10000,[1e-05,4.659971388230179e-05,0.8849281727898431,1083.0030576684737,2.419164489054474e-05,0.9296475624398046,11910.55142424129],1.102278264058051
9,ABC,4,10000,[1e-05,4.031982730392112e-05,0.9019390035679367,1,4.672219563271826e-05,0.5961064708457698,20776.25282069451],1.268913151872956
9,ABC,5,10000,[1e-05,6.161852198004474e-05,0.8640978863992966,6658.55302631256,4.6908995833288375e-05,1.0,7590.905139203779],1.3184287332321016
9,ABC,6,10000,[1e-05,4.5986840601229543e-05,0.8891098053142071,1114.2039769731182,4.634384320781832e-05,0.6661418738586039,16425.48948446834],1.173917597662834
9,ABC,7,10000,[1e-05,4.7031304869562556e-05,0.8926114784047932,1203.4504546784176,5.242302504472707e-05,0.6355134447819772,16629.435568715235],1.2727470156250882
9,ABC,8,10000,[1e-05,2.862283030690761e-05,0.9192943722684288,1,5.143143858655357e-05,0.6798767069035017,17036.239209974625],1.2010567896563307
9,ABC,9,10000,[0.005888816375558075,2.1138061380274127e-05,0.9501611773208634,10.547537952258558,7.806768889489516e-05,0.646731419058354,23546.037178958803],1.2244852359934881
9,ICA,0,10000,[1.6059004616116266e-05,6.341913315093316e-05,0.858053225580984,9999.638122629756,0.0002987503495227825,0.3000000000148385,520363.43085278163],1.3954940413414658
9,ICA,1,10000,[1.0018598500456232e-05,6.15738337472977e-05,0.8615803983798711,7736.827093295305,0.00016419898226099748,0.3063238542152566,52961.47154688082],1.3834954645848008
9,ICA,2,10000,[2.7760439884075283e-05,5.743226447173706e-05,0.868394783997107,6143.9113165541585,0.0001404630867328257,0.3307185314260079,621167.0795667366],1.400040641686243
9,ICA,3,10000,[1.0720472574219976e-05,6.073023381524139e-05,0.8631430632877939,8954.873223191325,0.00013941812441889715,0.5444985075622338,8959.138305436441],1.3839049288997636
9,ICA,4,10000,[2.1283980143039474e-05,6.267942268843688e-05,0.8597824085210561,9327.22578544834,0.00023159662133966183,0.31280657552226837,106050.0699562039],1.3908926191902171
9,ICA,5,10000,[6.203169336683957e-05,6.159365750487489e-05,0.8612928456198825,7544.0628114970905,0.00017282253486423265,0.30000026697868465,931970.1495646675],1.3866093161930622
9,ICA,6,10000,[0.0003191148040604273,4.984744377991796e-05,0.8822181326626902,416.00691119186274,8.845721282603659e-05,0.3076939606142858,794648.9361070968],1.3656597347330737
9,ICA,7,10000,[1.0005988128571247e-05,6.436785110101062e-05,0.8570625508660223,9398.374261711091,0.00021955405444178588,0.3047640092806915,38953.25908671703],1.392725008660071
9,ICA,8,10000,[1.0000000655417699e-05,6.36913630873264e-05,0.8579453005038565,9975.803649091924,0.00023403289831071112,0.30558497728951123,32129.59511170125],1.3919789148527735
9,ICA,9,10000,[1.0002093929174626e-05,6.217988901165371e-05,0.8604501462119278,8824.358928502535,0.0002124721083057979,0.30000000000067156,278991.03747119865],1.3892455405198627
9,BH,0,10000,[0.0013018204830474132,6.236349801192366e-05,0.8600322455835291,8492.913708768368,0.0001967112425942405,0.319349251127181,414919.25325474184],1.3954147039534774
9,BH,1,10000,[0.0026016321152073072,6.179375058919974e-05,0.8609456195857775,7909.060762244854,0.00017512490096556452,0.3270570880855299,205675.43036984274],1.400286115007615
9,BH,2,10000,[0.0013435089848807336,6.192565817908284e-05,0.8608835575495895,8461.000247582902,0.00019660291341883838,0.3262644888067486,640230.243376913],1.3960663989853488
9,BH,3,10000,[0.0017884765198993588,6.151879003372436e-05,0.8615269117470439,8216.562409458893,0.00019075628447370348,0.34402509236734063,478059.13338986284],1.3997908327924597
9,BH,4,10000,[0.001922976786644068,6.200478052286255e-05,0.8606586445167705,8374.845961727986,0.00019154143715519506,0.3228900493260009,381962.47697256773],1.3979809239605794
9,BH,5,10000,[0.0014895762287265258,6.23302328802593e-05,0.8602397813545543,8608.458265759737,0.00019971656311929415,0.33575763918696727,441764.91391299065],1.3980276264348737
9,BH,6,10000,[0.0019665841088420885,6.162355048902504e-05,0.8614147634669708,7912.686274304145,0.00017845050498641282,0.33471048049995916,328278.7241513588],1.3988627782080463
9,BH,7,10000,[0.0019236286506597742,6.18795118535383e-05,0.8609397056010741,8381.595458578277,0.0001933321337662149,0.33654628643378093,359129.16800365923],1.3993951192105822
9,BH,8,10000,[0.0015118287725474097,6.19400426154242e-05,0.8608553273530026,8408.17749957026,0.00019368040097972498,0.3361322811852923,324279.4088621707],1.3974712460698473
9,BH,9,10000,[0.0016000684506347108,6.166044940855093e-05,0.8612925806042849,8082.738570784607,0.00018331752771145869,0.33200822813160225,243246.0098007624],1.3966562739348583
