ECM-Num,GOA-Name,Repeat-Time,Iteration,Fitted-Parameters-List,Chi-Square
9,DE,0,10000,[1.0000140610754606e-09,6.249704373509493e-05,0.8998821664275379,69.74696056174288,0.0002845382447637713,1.0,8537.237730776338],5.885900902929883
9,DE,1,10000,[1e-09,0.0005118207797381801,0.7181133700597645,1.0,1e-06,1.0,1000000.0],9.95787675508319
9,DE,2,10000,[1.0000000000000588e-09,0.0005118207781633742,0.718113370330541,1.0,1e-06,1.0,1000000.0],9.95787675508319
9,DE,3,10000,[1e-09,6.249704301519858e-05,0.8998821675811989,69.74695985885818,0.00028453824597324083,1.0,8537.237590601848],5.885900902929883
9,DE,4,10000,[1e-09,0.0005118207787922888,0.7181133700836181,1.0,1e-06,1.0,1000000.0],9.95787675508319
9,DE,5,10000,[1e-09,6.249704411660345e-05,0.8998821655008854,69.74696021124761,0.00028453824712585876,1.0,8537.237519966578],5.885900902929884
9,DE,6,10000,[1e-09,0.0005118207796013497,0.7181133698018687,1.0,1e-06,1.0,1000000.0],9.957876755083188
9,DE,7,10000,[1e-09,0.0005118207797223522,0.7181133695250355,1.0,1e-06,1.0,1000000.0],9.95787675508319
9,DE,8,10000,[1e-09,6.249704454750522e-05,0.8998821654193234,69.74696062108606,0.00028453824447077097,1.0,8537.23797322113],5.885900902929883
9,DE,9,10000,[1e-09,0.0005118207772626702,0.7181133707317064,1.0,1e-06,1.0,1000000.0],9.95787675508319
9,WOA,0,10000,[1.025349312141057e-06,6.403032358499411e-05,0.8974713046913908,70.58247546788354,0.0002838362285821289,0.9999638973210679,8733.226129332641],5.886596505302002
9,WOA,1,10000,[1.0679035892230414e-07,6.326969459895528e-05,0.898730570874934,70.58109157028095,0.00028418802744307916,0.9999978670364053,9056.9364469567],5.886789430775598
9,WOA,2,10000,[6.687984124650296e-07,6.385054555659192e-05,0.8971505312235687,69.99053077226081,0.00028739639631537617,0.9997559846884415,8835.798487854905],5.8882177482638065
9,WOA,3,10000,[4.006314849755342e-07,6.310264492654632e-05,0.8990258893957784,69.9726167261186,0.0002843411173914416,0.9999067340898246,8980.672359986835],5.8864886161243835
9,WOA,4,10000,[4.479759194550581e-06,6.393165929553198e-05,0.8977074422805259,70.63984588106833,0.00028250132942507397,0.9999964629904675,14656.53904819154],5.922781555926233
9,WOA,5,10000,[2.641187351297878e-07,6.316263053806191e-05,0.8989200628995979,70.11485931246003,0.00028361303135505814,0.9999861205539884,8607.082229879023],5.886042768935495
9,WOA,6,10000,[8.027104774085622e-07,6.314158124829553e-05,0.8992931892343965,71.37799844395079,0.0002805466527409099,0.9992594911968741,8951.505188052632],5.8891337087278535
9,WOA,7,10000,[4.3226066620178e-08,6.34984014576418e-05,0.8984647496785623,70.3350998502796,0.0002849824078669473,0.9998378982455993,8478.935785329655],5.886358801903375
9,WOA,8,10000,[4.3295011450345e-06,6.183322744430025e-05,0.9008838357683717,69.39597964710305,0.00028633088006461727,0.9999995674716217,8146.888911907437],5.886466748727572
9,WOA,9,10000,[4.337472829397544e-06,6.267301353239083e-05,0.8995228020552763,69.89458423249206,0.0002828854562613817,0.999993551615083,8887.160685982852],5.886317101543902
9,ABC,0,10000,[7.601647567825e-08,6.021734681280381e-05,0.9015905289713302,65.00578417239089,0.00030484833122689393,0.994664517342906,30347.908269838037],6.02780685795109
9,ABC,1,10000,[1.7855290598802512e-06,5.3847744982435714e-05,0.9055103011009056,76.69122069493713,0.00028045358262274926,1.0,16350.43556796423],6.139827312282834
9,ABC,2,10000,[1e-09,7.110597921136274e-05,0.8873743007136167,57.89890860402673,0.000299194601456182,0.9755441613080492,15862.482494318974],6.059907494739358
9,ABC,3,10000,[1e-09,8.62439005032185e-05,0.8749785380877076,80.74423632480219,0.0002728241941295348,1.0,19180.47771355145],6.06735227877751
9,ABC,4,10000,[1.8155340928567605e-09,6.801190696352046e-05,0.8873279477070706,87.16610114042271,0.00030072460322321974,1.0,121079.84588340107],6.247275906203531
9,ABC,5,10000,[1e-09,6.442633304620605e-05,0.8941577634872434,77.29013181713279,0.0003000827805833099,0.9849177877661289,32307.451972326722],6.045985610909061
9,ABC,6,10000,[1e-05,7.084677130222655e-05,0.896556707394214,65.78936520463107,0.000267696774556178,1.0,17302.602748976497],6.088822206754992
9,ABC,7,10000,[1e-09,8.757094378015094e-05,0.8715310381537048,76.87386365992279,0.00029971216532673954,0.955162596130851,40704.6742544692],6.137554920583001
9,ABC,8,10000,[1e-09,6.524895150210333e-05,0.897326181866847,71.33566319465808,0.00035501612584593886,0.9357851374519659,113830.91836830275],6.11301653914362
9,ABC,9,10000,[1e-05,5.5984187404442054e-05,0.9148047803415744,67.94268506708721,0.00031862728144288623,0.9665984699084891,33769.49876909802],6.051951693636114
9,ICA,0,10000,[5.475490758683297e-06,0.0003469662106078164,0.7503081293424878,193.4128067121678,7.88433830739049e-05,0.9999999999988998,898418.8407416501],8.516498182705147
9,ICA,1,10000,[7.43417584575261e-06,0.000498770712256976,0.724660199672153,227.12510924854683,7.401266929577967e-05,0.9999966180804531,593439.3333271695],9.375894001737596
9,ICA,2,10000,[2.3489930471759933e-06,0.0004902991110156916,0.7275841822022762,393.7114746215241,9.177008928063177e-05,0.5375335860948869,308060.3239008623],9.944847016084477
9,ICA,3,10000,[4.5424043394191565e-06,0.0003530425059794129,0.7497939720608396,176.49281242664662,7.810932435288051e-05,0.9999999999993822,570643.9160085844],8.532410115252107
9,ICA,4,10000,[2.2814869317884642e-06,0.0004966844944813023,0.7261465398846102,256.74394144551366,9.307541999325313e-05,0.9999999999910533,488404.7016964292],9.414688616282117
9,ICA,5,10000,[4.967145534981577e-06,0.0005016024748192234,0.7204240771647202,245.7499706075968,7.171484150341679e-05,0.9999999999857931,573654.7222534016],9.374519197568457
9,ICA,6,10000,[4.3968609850878826e-07,0.000504165664759578,0.7241249340851771,7377.342613991993,1.0004802474633853e-06,0.30457498389242527,422639.7550171891],10.019624598247328
9,ICA,7,10000,[5.717099006853684e-06,0.0004387936790162286,0.7232751186000291,172.94964645910045,0.00010460471546234253,0.9999997596983484,415722.8087375948],9.042482974487626
9,ICA,8,10000,[3.066809891932677e-06,0.0004246396247067317,0.7260337755585078,172.4317389494849,0.00010138979837646607,0.9999999999916415,489752.57738478936],8.940456418333763
9,ICA,9,10000,[3.4818078148811616e-06,0.0004982725597663864,0.7243919079778939,540.9045293534878,6.781351174839204e-05,0.4958285715844064,472217.64726930636],9.982617468464296
9,BH,0,10000,[4.3017022116251615e-06,9.292007425191726e-05,0.861777585978584,80.74626686123615,0.0003292511455681547,0.9356461083902455,611691.3548614153],6.260089810850481
9,BH,1,10000,[6.282898494225831e-06,0.0001009311351123209,0.8541013336403,77.26144710542076,0.00033440567701789343,0.9065427121044574,419944.1059114465],6.353294809927439
9,BH,2,10000,[4.720838545202823e-06,7.599435103201515e-05,0.8811374953755352,74.1918748776108,0.0003220649103835696,0.9403398303041448,628828.140815379],6.130356565855259
9,BH,3,10000,[5.543533568172631e-06,0.0001026099327225741,0.8523303625444415,84.7667948410983,0.0003087967228235853,0.9425933091318877,409579.3006833659],6.321319221707768
9,BH,4,10000,[5.912041901260449e-06,0.0001013501771962384,0.8553048117226413,76.92814430906745,0.000316419119394476,0.9350190503854927,426584.16241474263],6.295938248923723
9,BH,5,10000,[5.36958197663947e-06,9.473570074055845e-05,0.8616880213932305,78.36956479689684,0.0003198573799193304,0.9437148444155775,398077.790784865],6.242030977377203
9,BH,6,10000,[4.972379073620082e-06,9.003284737992286e-05,0.8668249654950116,80.3402983825356,0.0003215036905581679,0.9325813575104693,397998.93311960116],6.232388792889883
9,BH,7,10000,[4.7099325126931065e-06,8.765376682945453e-05,0.8680876094592428,74.99972633184579,0.0003298407403937036,0.9229775474614313,586308.0127051914],6.216615281167764
9,BH,8,10000,[4.782897672153499e-06,8.833157826826276e-05,0.868253093413211,78.02202285725909,0.00033870027764281753,0.9253409088616096,321001.39074729],6.232356810799895
9,BH,9,10000,[5.23578095708932e-06,9.291463765040535e-05,0.8625220012768094,84.28825117945715,0.00031266696394961557,0.9339851592541969,542291.2687969853],6.270530711350973
