ECM-Num,GOA-Name,Repeat-Time,Iteration,Fitted-Parameters-List,Chi-Square
9,DE,0,10000,[0.0034004978883916373,2.0484794274069112e-05,0.9642996623784666,62.981911916878275,0.000515578171569682,1.0,100.0],15.348394238412078
9,DE,1,10000,[0.0034004991118285425,2.0484794796018028e-05,0.9642996603357248,62.9819115445788,0.0005155781908242677,1.0,100.0],15.34839423841208
9,DE,2,10000,[0.0034004979043299067,2.048479453307683e-05,0.964299661000207,62.98191216304249,0.0005155781853110895,1.0,100.0],15.348394238412082
9,DE,3,10000,[0.003400499086463321,2.048479494520298e-05,0.9642996599691667,62.98191148191751,0.0005155781869708565,1.0,100.0],15.34839423841208
9,DE,4,10000,[0.0034004980694417875,2.0484794642222296e-05,0.9642996611549258,62.98191187648631,0.0005155781778013464,1.0,100.0],15.348394238412082
9,DE,5,10000,[0.003400495843271386,2.048479476964974e-05,0.9642996600254357,62.981911985075584,0.0005155781794173858,1.0,100.0],15.348394238412078
9,DE,6,10000,[0.0034004971105156215,2.048479422293894e-05,0.9642996635002644,62.981911694412844,0.0005155781671042036,1.0,100.0],15.348394238412082
9,DE,7,10000,[0.006567997804835191,1.6503993992032378e-05,0.9811634913645663,0.1,0.001,0.3,100.0],16.06413948107403
9,DE,8,10000,[0.006567999514001719,1.6503993874081624e-05,0.9811634926041055,0.1,0.001,0.3,100.0],16.064139481074033
9,DE,9,10000,[0.0034004985763213535,2.0484794882829387e-05,0.9642996593968033,62.98191136204106,0.0005155781835524735,1.0,100.0],15.348394238412082
9,WOA,0,10000,[0.009097930840255227,1.8504133422948672e-05,0.9839644491005717,58.01561476035553,0.000308360484305571,0.9654994116263381,580.6979205211121],14.980635770513794
9,WOA,1,10000,[0.0013812780752182543,1.9905107401451302e-05,0.9654297443473943,63.89709072245131,0.00018859817566486297,0.9991591910635024,891.4584181559953],14.65446677011652
9,WOA,2,10000,[0.007380394996707708,1.8910094738975373e-05,0.9777569244549045,59.68836147008147,0.00029404728919255394,0.8796272231143547,885.4493735114102],15.23531358767671
9,WOA,3,10000,[0.011856002040619526,2.0189051938599203e-05,0.9660233131119464,63.92673884109512,0.00019385971763359895,0.9999726704391171,784.02032071578],14.662121939949207
9,WOA,4,10000,[0.004382273286975115,1.669276990665386e-05,0.9818901254122896,58.53901764869808,0.0004271587831011359,0.8967839626496644,477.7911206500602],15.104295989161457
9,WOA,5,10000,[0.006307608407231578,1.903233542000583e-05,0.9694479994507149,64.13954936144361,0.000204341280397199,0.9999109801167201,815.8850480557579],14.656346765869934
9,WOA,6,10000,[0.011034056157975008,2.1196143860939734e-05,0.9568870802122339,61.09586874661676,0.0005994802500170694,0.9458825378051289,794.5415193043403],15.280106149817327
9,WOA,7,10000,[0.007928033591212292,1.9371217504859092e-05,0.9692158928381083,63.30886866810686,0.00018675311834759234,0.9999999743438854,915.0819660296595],14.649984945915786
9,WOA,8,10000,[0.011569773092125011,1.883278300787354e-05,0.9715177716514107,63.87351646201139,0.00018807106404720726,0.9999967469469292,871.2546233876507],14.651335453401693
9,WOA,9,10000,[0.004649516158533145,1.951395231761271e-05,0.9686969468402512,62.78564664765394,0.00018873856093166422,0.9997217594883799,897.4311839760455],14.651035979579191
9,ABC,0,10000,[0.013926329333036168,1.3627113443010699e-05,1.0,62.46233992962973,0.00020923120018505578,1.0,821.855246757245],14.736890202035681
9,ABC,1,10000,[1e-05,2.1712967826006896e-05,0.9530208913121743,61.034575274685224,0.00022782973681893885,1.0,718.5770560379956],14.732103762508824
9,ABC,2,10000,[1e-05,2.3939589807741966e-05,0.9494724188476985,65.18812867406514,0.0001930055933492078,1.0,795.5882438317248],14.68147356152895
9,ABC,3,10000,[1e-05,2.0937058428097124e-05,0.9566113488043433,63.500624197023164,0.00019308164479271353,1.0,869.6367321634754],14.685211860759832
9,ABC,4,10000,[1e-05,3.0105535305437175e-05,0.9247825875455138,64.89714769490224,0.00019715910882964555,1.0,816.1483212404119],14.77645868965747
9,ABC,5,10000,[0.004264420695029392,1.9554137377859586e-05,0.9694258397225676,62.7527428007087,0.00019452076339662668,1.0,874.2690661596122],14.652318031557954
9,ABC,6,10000,[0.0010053110250881105,1.922598093133349e-05,0.9619267333475291,64.37511352771833,0.00019391222590912018,1.0,855.3437192827577],14.730955120198061
9,ABC,7,10000,[0.0011612552476271709,2.163046666403821e-05,0.9575800050670159,64.50762727243709,0.0002662932462635058,1.0,616.7192324531774],14.745379739170819
9,ABC,8,10000,[0.014062256477551148,1.5752623562306354e-05,0.9953678487381121,65.45987678984208,0.00021143006619263427,1.0,738.1744171342557],14.734376529047411
9,ABC,9,10000,[0.002916541953917041,2.0519556745231085e-05,0.9631864541098427,66.16132166321859,0.00020116177487262488,1.0,822.4746481847228],14.659134550695576
9,ICA,0,10000,[0.003990241852393803,0.00015605507402225875,0.7801963440457937,66.27198193692807,0.0009706609763918639,0.706103321433797,330889.45702610567],17.868414219325718
9,ICA,1,10000,[1.0006298091856434e-05,0.0001198022355471325,0.8010092662347108,66.91951855085662,0.0007859321165557822,0.764548294104382,479.46976640611973],17.052945700094917
9,ICA,2,10000,[0.00366242585375979,2.3296103425213183e-05,0.9511792764798118,65.76782588273845,0.0004827816407059397,0.8425397493451119,663.5353604817028],15.269047001826486
9,ICA,3,10000,[3.347478396705015e-05,2.8391647898130863e-05,0.9319879275968217,75.06515104121684,0.0009999999999979507,0.7098157642696007,348762.8970136231],16.142712920019875
9,ICA,4,10000,[1.3240452673367764e-05,3.2496647242245086e-05,0.9207605757975227,62.026926266433506,0.0009999999999901526,0.8091747116191491,463072.83607356524],15.856659881513874
9,ICA,5,10000,[0.00254028335232129,7.005809327614444e-05,0.8511054097447164,60.05519678527623,0.0009999999183170052,0.7073657069993148,850028.7352764335],16.631542473290907
9,ICA,6,10000,[1.89449079770821e-05,0.00010211826866390215,0.8167624798874824,67.02789199234587,0.000999999999998161,0.7831426902031893,424619.4999999016],17.100949384342343
9,ICA,7,10000,[0.0001535819579514546,0.00010693706547191565,0.8106982624215516,64.83076270515838,0.0009999999998580365,0.7650153018818894,532965.6118242607],17.20405699911041
9,ICA,8,10000,[0.02377081015450799,2.7695203152593335e-05,0.9340479383357069,71.43410174448691,0.0007612384514856917,0.8727466350530334,273957.6947768818],16.05106788644567
9,ICA,9,10000,[0.0004540341111718867,6.731954964231331e-05,0.8512393348307739,63.22229677595607,0.0009748841488885448,0.7418758212755944,509805.2754222705],16.574407346456848
9,BH,0,10000,[0.008510326099821799,2.4358557769185432e-05,0.9479855763561602,61.39114747192412,0.0009448714874948396,0.8144361158481662,558943.6828605724],15.777391391820856
9,BH,1,10000,[0.01302197114557635,2.5577490903511532e-05,0.9429359557706947,63.85216592508333,0.0009380141908964995,0.8162117543551232,446158.8562922728],15.810110224452263
9,BH,2,10000,[0.005176044786755091,2.910664638780234e-05,0.9300430397042164,62.810071210068585,0.0009494051257541665,0.8183609394480881,475394.2142103073],15.83322914534586
9,BH,3,10000,[0.011724034216294255,2.6174640330826977e-05,0.9401656855179688,61.900362483193234,0.0009391795748808354,0.8182783425901462,420588.6220801353],15.80930129459389
9,BH,4,10000,[0.009873786875081558,2.194194877204239e-05,0.9574807337581601,61.35395268696726,0.0009342153469789936,0.814454431684306,486524.12048232584],15.763521607474773
9,BH,5,10000,[0.010773417111885297,2.2059497542896473e-05,0.9566823015028875,61.894702600517014,0.0009422929387968471,0.8137065177549213,639456.212688347],15.76342284307913
9,BH,6,10000,[0.011320566908325448,2.6915360984971806e-05,0.9383606035212154,61.7224526742343,0.0009174459621282199,0.8204008568410475,570155.1042629543],15.826231729393765
9,BH,7,10000,[0.006918473896493534,2.4918410104955398e-05,0.9452758815206969,62.368086372381136,0.0009278582957642567,0.8237483967565442,466339.5442221026],15.788448520131743
9,BH,8,10000,[0.007891220255937229,2.4830845216370964e-05,0.9452908093677013,61.52765270938038,0.000960236124590499,0.793728369399344,409349.4988550645],15.779668930524922
9,BH,9,10000,[0.01106588710061758,2.4611471863251006e-05,0.9458653321563146,62.73207010485074,0.0009285368045291156,0.8179049863507211,477301.80400381767],15.794574546554898
