ECM-Num,GOA-Name,Repeat-Time,Iteration,Fitted-Parameters-List,Chi-Square
9,DE,0,10000,[1e-06,1.62302401210671e-05,1.0,10.0,7.548886977165497e-05,1.0,26347.33927811319],8.991076297933233
9,DE,1,10000,[1e-10,0.00018307485298776452,0.8125525401287801,18518.606259338332,1e-07,0.9999999999999984,9999999.999981085],12.351330360495265
9,DE,2,10000,[1e-10,0.00018307485347804497,0.812552539364688,18518.604277695802,1e-07,0.999999999999999,10000000.0],12.351330360495263
9,DE,3,10000,[1e-10,0.00018307485297734563,0.8125525398304262,18518.616094407054,1e-07,1.0,10000000.0],12.351330360495263
9,DE,4,10000,[1e-10,0.00018307485375515902,0.8125525398073228,18518.60441802216,1e-07,1.0,10000000],12.351330360495263
9,DE,5,10000,[1.0000002092762557e-10,0.000183074855284832,0.8125525388556561,18518.60483480495,1e-07,1.0,9999999.999985538],12.351330360495263
9,DE,6,10000,[1e-10,0.00018307485392982778,0.8125525390669092,18518.60421902649,1e-07,1.0,10000000.0],12.351330360495263
9,DE,7,10000,[1e-06,2.682932893311826e-05,0.960242256209684,35.614518904929945,7.19636322169633e-05,1.0,27493.381058069317],8.275049172451372
9,DE,8,10000,[1e-10,0.00018307485388979218,0.8125525398877104,18518.60140251969,1e-07,1.0,10000000.0],12.351330360495265
9,DE,9,10000,[1e-06,1.6230239999450976e-05,1.0,10.0,7.54888695542266e-05,1.0,26347.339302382763],8.991076297933231
9,WOA,0,10000,[5.457623628136985e-09,3.239945821339101e-05,0.9429167346603994,38.843351321031854,7.195660997620487e-05,0.9999895491872917,4535660.484221036],8.71899867899661
9,WOA,1,10000,[5.618131570863024e-07,0.0001318287910428144,0.8330860474204638,135.97204173584032,1.3203625367183919e-05,0.9365420126664172,9179127.441534186],11.779075219388764
9,WOA,2,10000,[1.026038183773159e-09,3.0413882525108502e-05,0.9492938400340397,36.77593381075308,6.979159140950936e-05,0.9999822575959265,32390.26628018733],8.293310595639905
9,WOA,3,10000,[4.82188374972384e-07,7.284335385264785e-05,0.8769757340554661,14.994100975671298,0.00018811837352906538,0.8709873573055706,5193920.749227701],11.937721763708268
9,WOA,4,10000,[1.667351372095477e-07,0.00018727338485470752,0.8087067543432427,62822.03509815582,8.165792045255419e-07,0.3301367020652071,1303620.6428086117],12.368383709083265
9,WOA,5,10000,[1.595596228164047e-09,3.1158587257203765e-05,0.9461109350216085,37.410989586051045,7.323708684667033e-05,0.9999364526478453,5277464.4195696395],8.720399348537757
9,WOA,6,10000,[9.095540621864132e-09,0.00013735864102088285,0.8295704372065998,266.6496023751643,2.7508283846911634e-05,0.9719295785823661,1726185.0393482447],11.37444553179326
9,WOA,7,10000,[4.079452159490463e-09,3.439938922570615e-05,0.938904715671392,41.89995524939374,6.855754055129988e-05,0.9998837923024027,158704.8715187843],8.600150856699894
9,WOA,8,10000,[7.838054678582861e-07,0.00021030878573817044,0.7972763755429579,1144.1385484707594,4.462407692463628e-06,0.9875456952350308,325695.2210589089],12.2831802060032
9,WOA,9,10000,[2.0593622407725305e-07,0.0001500681794987692,0.8242145736628717,351.9949654593809,1.2184619776263352e-05,0.9999903628613066,714163.5902262954],11.531370399456852
9,ABC,0,10000,[1e-10,3.33928413309651e-05,0.9354895303441507,10,7.106265782422491e-05,1.0,2129711.4540811135],9.686896683946323
9,ABC,1,10000,[1e-10,5.889842475700551e-05,0.8914666084510932,57.820200020774124,7.34517613431388e-05,1.0,138817.2917199548],9.102608399303865
9,ABC,2,10000,[1e-06,2.479518773291475e-05,0.9804928963389756,34.47908402309286,6.328574451238501e-05,1.0,35228.54827985173],8.594811027859953
9,ABC,3,10000,[1e-10,3.1290298627942944e-05,0.9426939825207473,10,7.450815245346954e-05,1.0,122506.54597957408],9.504181783630532
9,ABC,4,10000,[4.002378917787513e-08,3.308724609910888e-05,0.9271808314777161,17.04548871808186,6.757181707243501e-05,1.0,1913969.3782906067],9.391464875578837
9,ABC,5,10000,[1e-06,1.8469874356803782e-05,0.9916756963796222,10,9.036049555760672e-05,0.9789471341104886,32396.303905525943],9.217723646397461
9,ABC,6,10000,[1.8099360453330413e-07,3.253016781273156e-05,0.9417474690308053,10,7.846128121255305e-05,1.0,49633.78188897844],9.435376859836449
9,ABC,7,10000,[1.2163558206004184e-10,4.299143266484639e-05,0.91812970577581,10,6.35005477997948e-05,1.0,51540.05809916673],9.520233666506602
9,ABC,8,10000,[1e-10,4.151807520894241e-05,0.9105669809112047,10,5.82743206389174e-05,1.0,54723.68632406778],9.667809512664068
9,ABC,9,10000,[1e-10,2.2776835620040048e-05,0.9657170875659125,10,7.677440149055099e-05,1.0,2625218.6513541695],9.604252519058138
9,ICA,0,10000,[5.730619549311609e-07,0.00018223276028343544,0.8127550909856908,109.0051333959447,3.199842763488924e-05,0.9999999999999689,2268217.7491235672],11.57074738502883
9,ICA,1,10000,[8.16461280184242e-08,0.00018216545139120472,0.8134761383036342,11154.5860463145,5.538498131985536e-07,0.9999999999983165,8615533.525658017],12.331202565856874
9,ICA,2,10000,[6.398524461688679e-07,0.00018258008269504577,0.8131482584438613,83197.67386518877,1.0005686316963948e-07,0.300992303885492,4141150.559225668],12.360325830013394
9,ICA,3,10000,[2.411758989597952e-07,0.00018359040641528036,0.8135375168269792,99730.23839237739,5.045634794806385e-07,0.3676221245225574,6922389.563157792],12.364231774209282
9,ICA,4,10000,[6.3637682864116e-08,0.00018176947161818572,0.8136916541615753,99999.99996489003,0.0009832261488086152,0.31098608897467506,2904159.620241563],12.372822214767
9,ICA,5,10000,[7.829452840000238e-07,0.000181035159252233,0.8143106621402315,47052.16481072095,1.0000005846764773e-07,0.5265974059316123,4565117.956406486],12.361101841448546
9,ICA,6,10000,[8.347736987132881e-07,0.00018211066413758827,0.8134798705108204,23142.055376783796,1.0000005979115842e-07,0.5442375265935139,4247578.894188712],12.360476459948114
9,ICA,7,10000,[4.2531620862195195e-07,0.00018257711243983843,0.8131908932205253,75622.71981829008,2.1415233857495583e-07,0.45021603578004643,5608174.115746509],12.36115358624374
9,ICA,8,10000,[7.086889432408431e-07,0.00018106765064171076,0.8143030071274517,98507.76011048995,1.0161777919006773e-07,0.3261899696334704,8201508.902557299],12.36106706129364
9,ICA,9,10000,[4.7497178897636455e-07,0.00018190905877921076,0.8137208976578023,99969.76903269145,0.0008098156418525291,0.33552503397903405,1002.9040960271445],12.372538380840107
9,BH,0,10000,[5.160605220666736e-07,0.00018226272393274983,0.8133545345336584,98327.00142426981,0.0008556271918209065,0.34449282159826927,4602227.376383496],12.373276052064108
9,BH,1,10000,[7.788024202496932e-07,0.00014305641479586546,0.8174690245165045,120.54672091170221,9.027005141944414e-05,0.8227984056867828,3539562.3234777],11.92705105770787
9,BH,2,10000,[5.681437044467018e-07,0.00015553599973131988,0.8236580257607796,437.34716471962065,2.1727776914621162e-05,0.9228205684762419,4232215.696778258],11.918334083713562
9,BH,3,10000,[3.39804443176951e-07,0.0001821952268584126,0.8134691200282819,98799.3119504202,0.0008337544289521797,0.3663810545021635,5247696.905794393],12.373222761200342
9,BH,4,10000,[6.27681626562162e-07,0.00018243925763005217,0.8133033581923055,98162.99569132425,0.0008683321550967795,0.37080677205954665,5755680.625989782],12.37336085026279
9,BH,5,10000,[4.6131507978263493e-07,0.00018243086767978905,0.8132477923663795,98548.84788300979,0.0007772956255876609,0.372826193151844,5023794.729225341],12.373334939638601
9,BH,6,10000,[3.937648177772682e-07,0.00018235876185259813,0.8133470135880415,98488.22973907477,0.0008585526879849944,0.3982524451446755,4169309.275221583],12.373336609761925
9,BH,7,10000,[8.689015885265771e-07,0.00018402096367462539,0.8117281396191718,5316.957927151727,1.813239442249905e-06,0.8177988122214107,2531830.280927724],12.342311988030545
9,BH,8,10000,[5.99854620121923e-07,0.0001822645294419993,0.8134084809862419,98162.17175293894,0.0009445835539147264,0.4070967440246966,3850877.1718730996],12.373373038430577
9,BH,9,10000,[7.27752661834404e-07,0.0001823506672919364,0.813329067745293,98018.23835071098,0.0007819629341895184,0.36853357497198524,4786338.8775063995],12.37343829592603
