ECM-Num,GOA-Name,Repeat-Time,Iteration,Fitted-Parameters-List,Chi-Square
9,DE,0,10000,[1e-11,5.536032966304148e-05,0.8768960851197121,57.88601509196635,7.49703616183267e-05,0.7790205233098755,28656.17833781354],0.13419571080926682
9,DE,1,10000,[1e-11,5.5360330042557586e-05,0.8768960847103078,57.88601703604541,7.497036074037977e-05,0.7790205250143523,28656.178120807046],0.13419571080926684
9,DE,2,10000,[1e-11,5.536033016831234e-05,0.8768960843517041,57.8860165544222,7.49703607315852e-05,0.779020524251288,28656.17813129618],0.1341957108092668
9,DE,3,10000,[1e-11,5.536032932463023e-05,0.8768960856227226,57.886013967961986,7.497036173178112e-05,0.7790205239094643,28656.17824984834],0.13419571080926682
9,DE,4,10000,[1e-11,5.536032984968325e-05,0.8768960849734149,57.88601647463167,7.497036135381946e-05,0.779020523960203,28656.178658559467],0.13419571080926684
9,DE,5,10000,[1.0000003000204946e-11,5.536032982072594e-05,0.8768960849482887,57.886016253055914,7.49703607343072e-05,0.7790205263499117,28656.17786110118],0.13419571080926684
9,DE,6,10000,[1.0000000398525505e-11,5.536032950660458e-05,0.8768960854976333,57.88601501572302,7.497036187179991e-05,0.7790205231615777,28656.17829380049],0.13419571080926676
9,DE,7,10000,[1.0000003815673733e-11,5.536032989338923e-05,0.8768960848752128,57.886015789659695,7.497036110234325e-05,0.7790205239161924,28656.178191104747],0.13419571080926673
9,DE,8,10000,[1e-11,5.536032996960433e-05,0.8768960847588902,57.8860157359115,7.497036116102732e-05,0.7790205236450339,28656.17824794266],0.1341957108092667
9,DE,9,10000,[1.0000001801582302e-11,5.5360329292304455e-05,0.8768960857820002,57.886014953083844,7.497036195095901e-05,0.779020523135459,28656.178517021697],0.13419571080926684
9,WOA,0,10000,[7.172547998545378e-08,5.408113591374231e-05,0.8788315536151762,54.43083536416045,7.662078603776669e-05,0.7767746236843324,28963.31386824005],0.13433166754638917
9,WOA,1,10000,[5.533565527626607e-09,5.5342589180377846e-05,0.876928790741015,57.97591352729668,7.493918971077737e-05,0.7792620989120556,28560.276448824672],0.13419770061040234
9,WOA,2,10000,[4.490993674481079e-09,5.457163040095826e-05,0.8782301236944705,57.904100925006716,7.627125389872262e-05,0.7774638194809252,29337.930591058976],0.13447680501115117
9,WOA,3,10000,[1.150740957106699e-08,5.583261427933899e-05,0.8762214285448683,59.955541715270996,7.441630489471848e-05,0.7799731241700466,28583.200259108096],0.13425296587974622
9,WOA,4,10000,[2.2397426760819096e-09,5.148026519680988e-05,0.8828348378166947,46.79895218898253,8.086882935572097e-05,0.7688587291708909,31220.850928220236],0.13607259698302696
9,WOA,5,10000,[1.5864419228019697e-09,5.5402795685811085e-05,0.876830223166607,57.966729064553,7.502171848204728e-05,0.7785984282330761,28915.017030122668],0.13420912572117952
9,WOA,6,10000,[2.399451869675933e-08,5.674361931335265e-05,0.8748108549182436,61.36477279996008,7.32881078944915e-05,0.7811724694230127,28437.904901366455],0.1343333181064682
9,WOA,7,10000,[1.8618587221170982e-09,5.490289267040625e-05,0.8776014638944535,56.647119692074355,7.567415816573617e-05,0.7777404735590926,28962.245066523286],0.13422074857752858
9,WOA,8,10000,[2.3974721365294805e-08,5.385670005799809e-05,0.8791604346582099,53.370057753256766,7.747696169419928e-05,0.7740590466400813,29968.765108721942],0.13456345249552767
9,WOA,9,10000,[4.3022235511440656e-08,5.5937157148047874e-05,0.8760406176689051,59.56918006738891,7.419843394131986e-05,0.7801908316232428,28487.83754583775],0.13422489151987158
9,ABC,0,10000,[1e-11,7.484661147395434e-05,0.8517307307427431,117.42301883312479,6.266756691538947e-05,0.7460708996700133,37982.686656724094],0.18536991210297069
9,ABC,1,10000,[1e-11,7.33104855751102e-05,0.8539896404882176,122.34229577056135,5.276400850825075e-05,0.8004213847315388,25894.916101731123],0.16060328779294034
9,ABC,2,10000,[1.5874301995788086e-09,4.9876495307880914e-05,0.8885317402888845,74.3808597296138,8.416728516806959e-05,0.775932454571274,36842.0854778465],0.1845897056936349
9,ABC,3,10000,[1e-11,6.869495787041366e-05,0.8572105869811109,95.36587755529264,7.503588779292533e-05,0.7353130188836883,49562.29925846962],0.19845220542077235
9,ABC,4,10000,[1e-11,6.96051638579113e-05,0.8560321138760999,79.77999611764268,5.770691651699135e-05,0.7975335170675922,20714.114433764786],0.17320514659567746
9,ABC,5,10000,[8.374643342101032e-08,4.204093771987432e-05,0.9000893976824923,37.953765412154446,9.505718211106568e-05,0.7593433699102273,26096.21766213677],0.16858421554727113
9,ABC,6,10000,[1e-11,7.692613522831835e-05,0.850730456642759,138.20830146252527,5.694419149718741e-05,0.7722503925253402,30400.1859395827],0.17870575866954685
9,ABC,7,10000,[1e-11,6.487068406387027e-05,0.8643990040798841,97.93520510063016,5.588752256035687e-05,0.8268641591358576,23919.80848279039],0.15688678071707052
9,ABC,8,10000,[2.4899333518656938e-11,7.144904688806193e-05,0.8524976644915837,114.3087250133477,6.046472969514556e-05,0.8134914292739899,28017.30653210054],0.17853739675609992
9,ABC,9,10000,[1e-11,5.704128376334427e-05,0.8754813642393495,84.34376992262585,7.041355364205605e-05,0.7946340518024512,27776.061022277954],0.14852102468286088
9,ICA,0,10000,[7.854268762962128e-08,0.00010075897611595743,0.8250433039034695,397.0301955654538,2.4365155717961086e-05,0.9165548366667119,24511.819300423016],0.24054767954504425
9,ICA,1,10000,[7.798054988544688e-08,9.192480385739251e-05,0.8319579267213862,189.8683196988806,4.129526459535707e-05,0.7907141506766672,37781.892371814625],0.2280468006270467
9,ICA,2,10000,[2.8141084691695486e-08,7.648919081435311e-05,0.8491603480925318,131.68882140023203,4.9219456110898715e-05,0.8278413869130864,25089.977463660194],0.16192060092053995
9,ICA,3,10000,[4.406779396533186e-08,0.00010708484879819562,0.8214179958026456,155.17415558861904,5.2467002391652e-05,0.48203555171358564,644461.7168718972],0.4584155434809712
9,ICA,4,10000,[3.612965337343918e-08,4.3535334387425744e-05,0.8946086111845141,21.10883185769792,0.000125906047673658,0.6826978909561848,618981.0809393433],0.3143528808651291
9,ICA,5,10000,[7.098252308998162e-08,5.410259381426658e-05,0.878663057863156,52.03182844401459,7.987591618548264e-05,0.7639207938312504,36673.362116617485],0.1406729776335676
9,ICA,6,10000,[6.792991336951202e-08,9.281715893443124e-05,0.8327020704328919,226.85258865882383,3.9014870061526484e-05,0.7860572447193701,29335.93352287378],0.2229564270343659
