EIS_Point_Seq,Average,Variance
1,0.4782361010691941,0.1422396901548893
2,0.6595070489941367,0.4270944471881197
3,0.4740849961362581,0.2833738705187817
4,0.6980559898772007,0.4103660684759312
5,0.48321842439361784,0.2819746885215901
6,0.6447856398183904,0.38669727947742155
7,0.4450658409970547,0.19861651302560715
8,0.40034261248272024,0.1762721893951684
9,0.3843397582050713,0.13020180128642408
10,0.3907117774945197,0.1241346041629831
11,0.41039056485950104,0.1252556537678574
12,0.5164924651902124,0.21152488801323813
13,0.3930005602610512,0.08910502276940838
14,0.416239061111882,0.11905477607550127
15,0.38787238064054785,0.08399043281367237
16,0.3718131441112142,0.07629241394052043
17,0.38564555801862765,0.09286209819558947
18,0.43266145554060276,0.14212847119989072
19,0.3434101724478762,0.08045518544598375
20,0.4316511566023206,0.12268332113316044
21,0.3698596520621056,0.08283096204498376
22,0.42274277489094264,0.09665257325703697
23,0.3930419906199281,0.1468381520209103
24,0.4396724939460879,0.12418368931608571
25,0.5082422440093363,0.26428631927388946
26,0.4993992700279452,0.1441452532135323
27,0.5322569688847929,0.270868915278159
28,0.5657242553010989,0.14920243006525596
29,0.48167084483933736,0.20058285162853165
30,0.5591874668315822,0.16767200065248158
31,0.4797965142201234,0.18358694799266792
32,0.5426965105386407,0.16132411063036392
33,0.5465452650691182,0.24778897155722446
34,0.7277878504947534,0.18104160848933654
35,0.6534382307720268,0.22179041870452787
36,0.7731598347046243,0.23262840718792702
37,0.737492760134621,0.2628167079945556
38,0.8970140522809907,0.21212111634002875
39,0.887276945894355,0.3107574963616476
40,0.9465627809354201,0.24821722403673463
41,0.6136985107494822,0.3698248947098645
42,0.437368739338843,0.17892812426789845
43,0.6303605585473625,0.3185069370948233
44,0.5198577473229502,0.2801832286516582
45,0.608534614161391,0.31848458303491844
46,0.5261982809183381,0.29975248303171154
47,0.6153742071138937,0.27101303967538937
48,0.58450734289876,0.2936207579722936
49,0.5504109066423303,0.188877083207675
50,0.45751702418748447,0.15364095983899106
51,0.5375977969526253,0.1513149364673345
52,0.4680308518830417,0.16892682603312753
53,0.5106658815008419,0.24157901458290984
54,0.5276223012591392,0.3652316252417865
55,0.6259170815220759,0.3302423316254687
56,0.4850068747934643,0.3557817398169697
57,0.5477758038484972,0.2956316088135949
58,0.6403016456766089,0.5056549426609847
59,0.5239349333955894,0.25307308607966533
60,0.60722075254137,0.492578116921858
61,0.5485618079134098,0.3440993065157025
62,0.8169920696367357,1.0384833925682235
63,0.5106589041787043,0.2652729112650786
64,0.6276248738220541,0.5174165255103911
65,0.4673865942269389,0.22090529184311747
66,0.655650941286496,0.6276791401313805
67,0.5404247076748128,0.2544314806522663
68,0.6866152030937898,0.8661490937975629
69,0.5440500821714723,0.3247415430685004
70,0.48940725758531367,0.25598186785103766
71,0.47838364995830557,0.5108108027977358
72,0.6110922184319172,0.9133699761393971
73,0.4658200639878633,0.39681640482291203
74,0.5167835366990371,0.3598468933175675
75,0.4796006052053235,0.3550676731593766
76,0.5318846443654058,0.17739892966808532
77,0.47245006567691994,0.2729014167427421
78,0.4906707242168692,0.18473694231850524
79,0.5063005618875717,0.2541087981238582
80,0.7377574814348341,0.542780665161443
81,0.5607245698133781,0.3355383972422906
82,0.6021742708904398,0.44967733726625425
83,0.5551516294742531,0.488992829415218
84,0.6122499009432762,0.39548440471718926
85,0.5925114784257756,0.4167440702848811
86,0.5913462095972509,0.27869562796445907
87,0.5398002173183433,0.24706169054826432
88,0.7121872672805792,0.4368377310622718
89,0.6341522548011262,0.5157472053569659
90,0.8526472933885438,0.6944808503022051
91,0.5989935465323961,0.422890011619839
92,0.6832993372551345,0.3620066267623377
93,0.53035266546414,0.1982439694953496
94,0.6594189115035999,0.31027057511747436
95,0.7431073164938072,0.6023173906952999
96,0.8685302478872217,0.7342689813615141
97,0.7322997520330506,0.503032861414727
98,0.9276843948492312,0.6898286055624918
99,0.6275386999946756,0.38890123766206375
100,0.9621698001907866,1.0625122184283455
101,0.6228325976160994,0.3946605945049351
102,0.834891901323256,0.5987548188669077
103,0.5517518023217736,0.40475193892480066
104,0.6527897980621568,0.3125800510038239
105,0.535611273339553,0.25506773795348786
106,0.9478249211347741,0.7125926347090087
107,0.5854415017820909,0.19385559863759727
108,0.6810672307909518,0.2779621099671826
109,0.5631221487903624,0.2237775503115124
110,0.8337834369407442,0.6143833028944161
111,0.7903944518971184,0.5130731984143169
112,1.145475427473339,1.3680620358418074
113,0.9151736923674693,0.3504448016642086
114,0.6679814961020519,0.37562819454975444
115,0.9049069978719296,0.3820991470473455
116,0.6890741346228442,0.26851031214063825
117,0.965796029680219,0.43277256983601586
118,0.9808977790855592,1.8737811769875885
119,0.9790783409197529,0.3199446322159132
120,0.7422745703432562,0.47128879976975174
121,1.2350827312086048,0.7727112280432632
122,1.4236939249529896,2.165572868315229
123,1.2575226264591528,0.7520216519331924
124,1.272723296035479,1.5373283478049786
125,0.9936868574319828,0.3274839239523253
126,0.7859511226346368,0.49174015585838976
127,0.9800320001494096,0.4668490612605896
128,0.9561023780151874,1.1889474151635882
129,1.01823341391567,0.4534486715046226
130,0.7290199288514722,0.49814160496576554
131,0.9539807406908397,0.3373426755971857
132,0.7624371618014376,0.5075057105949848
133,0.9481407531760162,0.3099684275420107
134,1.111006206400802,1.2444915380270367
135,1.0642319469875199,0.5336585827389083
136,1.007121269443132,0.8375678657341148
137,0.8901049330106061,0.3316310840350322
138,0.7539013021633039,0.44349470726154977
139,0.88235585106591,0.3652934238612958
140,1.0603710454671995,0.9986892372240771
141,0.9167347336661231,0.30268935875130565
142,1.1545365630514253,1.6358470495133859
143,0.7573947674647102,0.2393834182240721
144,0.789704710577425,0.4617202339258628
145,0.5893223802617558,0.30991202216853714
146,0.6740225566572786,0.6447959146020761
147,0.6701342770453006,0.5483929631806368
148,0.7358110755814837,0.7081694938861818
149,0.7236482863688711,1.0970276679562232
150,0.8382161922764779,1.0504780288620545
151,0.7262979058377025,0.8719338711725914
152,0.8660031620877872,0.8454733737282578
153,0.6691986589232883,0.4677689880438771
154,1.5440909723712597,2.6607731088389794
155,0.719172167581222,1.2852756410336523
156,1.0164476002945522,0.8201441761962329
157,0.9475971266933227,1.044472173686081
158,0.8544533075814846,1.1030295012245905
159,1.6562627687190636,3.508397183429986
160,0.8118290241006864,1.1092263527102575
