EIS_Point_Seq,Average,Variance
1,0.4822998447136474,0.08772496046335791
2,0.29420256086668534,0.044299555368707194
3,0.5195165588578661,0.07868570310681268
4,0.26846499449215316,0.04192270989268374
5,0.5561471753131688,0.08207546887468571
6,0.29008557490133613,0.04132261902793877
7,0.5450761665452558,0.0840990945152915
8,0.30420369710789974,0.04076441347852177
9,0.5204004166177307,0.08137028010507863
10,0.32238293452720324,0.043401117010398546
11,0.5289506750767236,0.08805218390521569
12,0.33228898396623197,0.046581106047129624
13,0.5716567684255957,0.08199892407482529
14,0.29428639698982856,0.041760488605912346
15,0.5352597533465155,0.08320204832142832
16,0.2705229825764704,0.044603185006318706
17,0.5315087409235082,0.09489837988248145
18,0.29225479483695793,0.0385577837402647
19,0.5278054595645972,0.07992615483112608
20,0.26056438026719114,0.03963558377909293
21,0.5796322875734335,0.08984095963268993
22,0.3197692981114066,0.045170589914800684
23,0.5752428474928639,0.08439092682461646
24,0.2990641634858473,0.04364519474667974
25,0.5688403657565654,0.08325390497439732
26,0.27145496533219904,0.0439392545178119
27,0.5767032557727257,0.08224662152843595
28,0.28097458746197407,0.04356230796893692
29,0.5798375827173683,0.08998556994144759
30,0.3118657678757725,0.04638202611037895
31,0.5500993333104093,0.08570684530761687
32,0.31981306118752795,0.047540079950794456
33,0.5906338267238023,0.08557490474033279
34,0.3075539193301332,0.04934433145099941
35,0.578722473961581,0.08436724188542137
36,0.334025254234614,0.05378438068597796
37,0.5602923716923501,0.10206708197780195
38,0.31504585941139324,0.04714583330743931
39,0.6329931551357814,0.0755228411550724
40,0.2904028655956286,0.044757494200133155
41,0.579909196402056,0.0843333805113468
42,0.33138542907336077,0.050368192036530354
43,0.6312370511216836,0.09193365703030305
44,0.29634499965221633,0.045325585845081375
45,0.6453543670695416,0.08170809269101803
46,0.27482226523326064,0.04106986095980017
47,0.6096433882565481,0.08241443237426918
48,0.32144357559607123,0.042957258086453835
49,0.5925116316402336,0.1033367233038469
50,0.2984034083150116,0.04140289626287537
51,0.6258728383236448,0.08600642156584237
52,0.3037950759783305,0.04541780200354501
53,0.627710439343639,0.09284673613208264
54,0.35885152992101316,0.04517819932641361
55,0.6383513423737232,0.09106969192456806
56,0.29730439942345716,0.04062887131872618
57,0.6417230644191201,0.08847100079297372
58,0.28146833648831526,0.03958403442097962
59,0.5923529137739764,0.0798212200364444
60,0.33213566572341424,0.05250989795930687
61,0.6413241245109292,0.08952798612723735
62,0.2993773151286594,0.04470296019855072
63,0.6608661414085086,0.08172642154647265
64,0.3482199315552425,0.05172699195886332
65,0.6442365067861268,0.07924873598102344
66,0.3358163658565415,0.04836236857688109
67,0.6846850320562281,0.08686321919731241
68,0.2696104381859058,0.042020130012692336
69,0.6710918199349151,0.09463939921967976
70,0.3308923352076286,0.056199291803517015
71,0.6455422441303017,0.09872331540667044
72,0.3345303133442232,0.05343604692552116
73,0.6753868749648082,0.09556961005760609
74,0.29006529496272276,0.04444961452507436
75,0.6538303007947185,0.10655406513485689
76,0.3302537127976226,0.05223060857856968
77,0.657867644010806,0.09249521937244554
78,0.30268117859706134,0.05095952473624171
79,0.7194534630396248,0.08274454767887095
80,0.2875885420668718,0.043623494588083525
81,0.7046197885582496,0.08040462109149739
82,0.32414555182373533,0.05005987077177303
83,0.6848572906123649,0.08941113578186279
84,0.3023151601280257,0.04593713970133159
85,0.6784678725923721,0.08850959657893141
86,0.30793925040776,0.04526573210435685
87,0.6533617731204848,0.10516469356713738
88,0.3346351625616325,0.0541217007951224
89,0.6626733322816635,0.09913325475475257
90,0.32749232669712225,0.050863186860097415
91,0.6829488823572606,0.10275473766888794
92,0.3499361887010551,0.04564980294377647
93,0.6981434159950264,0.0892754852085645
94,0.29440826057899244,0.04369703535813208
95,0.6750427122047045,0.0916548735253015
96,0.35198947684572623,0.05073298865990289
97,0.6425541233367752,0.08714007929338909
98,0.31909453595722276,0.03767515121493252
99,0.5837289756581183,0.09662253510720656
100,0.30896279029603,0.04414923825103319
101,0.601980141160535,0.08674184548764163
102,0.3027873568905079,0.0387844563401432
103,0.5610948611927746,0.09111462064464215
104,0.26597459697687564,0.028068170308513458
105,0.5588204477216432,0.09554313340846224
106,0.24022040188690866,0.032118550515321025
107,0.554978230145309,0.08491206815358852
108,0.2792602263573818,0.026630217868722054
109,0.5973835685745877,0.10195751745945246
110,0.2621643850853445,0.030361606110734206
111,0.5668879660939384,0.08776988382537741
112,0.24779521473964705,0.02712935897494846
113,0.5573696101307732,0.08410114179491913
114,0.2552728813151386,0.02582575192902351
115,0.5260790853796894,0.08686040695526676
116,0.2675683410385016,0.027176161912979915
117,0.46859217379173,0.08310740430730618
118,0.26007991999955177,0.026991854246481956
119,0.4629146287513031,0.07770408462591546
120,0.27325392839496615,0.02187041872328011
121,0.4420292817797606,0.07477260836872204
122,0.2655336556658187,0.030266531301880284
123,0.42854519634980154,0.07392090968996072
124,0.2504265385026688,0.02406465355747576
125,0.3948572945128322,0.0723441146239816
126,0.24254034639062,0.024467562595037157
127,0.41965956227051043,0.0816475174382272
128,0.24709087308970054,0.02506912771541515
129,0.3284327454948206,0.06555559198652917
130,0.26617583452783206,0.025910604133609013
131,0.3496404137772241,0.06746063283184471
132,0.2703364403549551,0.02329987413827996
133,0.32693873026447784,0.051284307068311774
134,0.24633766343835783,0.028847328501892838
135,0.3065874894766802,0.054328489615589844
136,0.27507039849260184,0.025073836748525126
137,0.295031498576248,0.05727229524653154
138,0.2807501982436075,0.03444713609688505
139,0.30892463279579724,0.04851545670371726
140,0.2686019354659351,0.036995102406622085
141,0.29062280042636873,0.04156066031763343
142,0.24701830286718163,0.02659751208642784
143,0.285367589151044,0.043679936497028594
144,0.26440442791938723,0.035288067418028174
145,0.2804845855744904,0.04072320887106358
146,0.28557832486594154,0.036525472476972784
147,0.29709714046523744,0.04456837347927014
148,0.3027739482172131,0.038726084937789625
149,0.34890421915135744,0.06919503119698274
150,0.3145102310416525,0.06606302526588853
151,0.3520909632403975,0.06241421552204465
152,0.38452662623768674,0.07532973951608019
153,0.3372525213348033,0.05726733548292642
154,0.41375354859327,0.07021000820805574
155,0.3434557135806416,0.06880568182201738
156,0.4012599799920482,0.07913725334107116
157,0.3441113406141004,0.07518463356535984
158,0.3959256094000445,0.08280813752390546
159,0.38001498945331896,0.10918042693416162
160,0.578758389503793,0.11289470612324096
