EIS_Point_Seq,Average,Variance
1,0.7086302689764911,0.5042417864373139
2,0.6046918554615688,3.9663349981815736
3,0.49791516008636344,0.2781135145122289
4,0.6844103155903493,3.0623523518450666
5,0.42399188306444124,0.18356557033338392
6,0.3789619150974703,1.1161152359221158
7,0.4144577337850722,0.2894254961760074
8,0.6072478000572901,3.4734761787195354
9,0.38773233588303396,0.2850479588179959
10,0.6198930020125256,2.245341489883723
11,0.2544878908903994,0.3158490647952888
12,0.5148425185193801,0.818076439641383
13,0.32194860315554813,0.33128196975891716
14,0.2315774071181444,1.1586363605499634
15,0.11941717456101643,0.5455489691763469
16,0.4911223034152808,0.9821566689491885
17,0.13857334319839942,0.5772174456244181
18,0.26423643618814513,0.9137488710394518
19,0.14267764891594786,0.6013919080699792
20,0.19748958582639675,0.8120348033779327
21,0.06992772910913393,0.6321699954722587
22,0.23568242781335172,0.72317168635433
23,0.09729835615556354,0.47348498933533223
24,0.03612636268229152,0.879979226535692
25,-0.09140443179528983,0.7954479202356366
26,-0.03104340690527391,0.5669985077826457
27,-0.12832722063358312,0.7331762375463644
28,-0.16124722142066544,0.896391579437846
29,-0.07582067391022446,0.6486545760864053
30,-0.27376249131292324,0.6407430989919534
31,-0.11448570227686013,0.6445677719067276
32,-0.561308482476271,1.1931608795734472
33,-0.33259284212027657,0.8706141498777951
34,-0.4912446163778242,1.1101580355081548
35,-0.38932662011936947,0.8133724714300377
36,-0.48104312568517904,1.30670726256197
37,-0.4030395636384735,0.803775687627599
38,-0.09465898490025436,0.7540647079153665
39,-0.24384464319908636,0.6615041581492158
40,-0.4872406041055888,1.4615585112448575
41,-0.22797846851079398,0.769981201650084
42,0.07939977034155907,0.6790232308300471
43,-0.18282981302348578,0.6111289744609296
44,-0.23618901316024343,1.7917962345046328
45,-0.005572236679863119,0.5165875221509296
46,0.2578366218847538,1.0668302616234222
47,-0.07007190692602218,0.5214954542846698
48,0.1174685802541687,0.7264106595993404
49,-0.015282322793882948,0.6203628231424418
50,0.34838026467031064,0.5659998803925607
51,0.0626515573754151,0.8496242369392416
52,0.3278303462256467,0.5767863466347445
53,0.17778884380831766,0.6483986262134223
54,0.8652016570996265,1.209304753611576
55,0.03411315313909776,0.718690471868598
56,0.37135119825859497,0.957029361849257
57,0.10177839910317638,0.7830167848028069
58,0.636503664570286,1.372012606560714
59,0.090790142719648,0.6883220872353816
60,1.1011920821390253,2.542554355728807
61,0.14898421167972326,0.7398077571541272
62,1.1589589298084972,1.4684096420396158
63,0.09914432453122753,0.8549256213155778
64,0.46270043906239827,3.8020767351869913
65,0.24395708909893457,0.628941314334133
66,0.5243275391782112,2.7362285976071736
67,0.18638520080079476,0.7300840055597031
68,1.0616751981501462,1.3688425306920928
69,0.41094780716332985,1.1360019699925221
70,0.6794647453339039,1.7273671174258451
71,0.20104484008827564,1.0926170391168437
72,0.005732580186344712,2.050691329234672
73,0.003551077741050705,0.7992494730228398
74,0.617352220986003,1.4921594799554279
75,-0.05843756961680312,0.9569324418883302
76,0.03251403310864187,0.8755318716627882
77,-0.07106571965021155,0.5913403880549789
78,0.44953444904100015,2.2385950597626536
79,-0.09722509376192263,0.6236675469892036
80,0.41085379942055883,0.939682604349407
81,0.12014220691811564,0.6935375503075949
82,-0.7504861129599066,3.958707308218511
83,-0.09204235422856466,0.46481720385416336
84,-0.22093350970480385,1.8265275138186579
85,-0.01063895647664768,0.7081136494088951
86,0.18093564792506472,1.6239186438256765
87,-0.11754605886889673,0.5129422666644743
88,0.1399529288278358,2.809429124433502
89,0.14718038711701165,0.7200362643213997
90,-0.21617687021197976,1.7385452361547316
91,0.2175786290390999,0.7221473655172482
92,-0.6409219299149226,2.2283650749845485
93,0.010716254557374315,0.7030641341912524
94,0.3860389809918849,2.385225063996239
95,0.2750496489340639,1.2066773788277856
96,-0.45232685855778,2.658405568234265
97,0.4923345397657581,1.064556768150778
98,-0.06821386074533109,2.493412440084569
99,0.3498614695136199,0.9669810186599316
100,-0.7624409613974357,3.859580191645502
101,0.5165935769485773,1.2706193623837767
102,0.43565773811999936,3.1811100635131178
103,-0.28581129210708944,1.4549746309793845
104,-0.14400148029526968,1.8749880278476192
105,-0.10263020626385999,0.9362058409741413
106,-0.8029993260586097,2.5413823308874255
107,0.013887274597018709,1.3363037558172324
108,0.004827308403629471,1.868980049166177
109,0.03519083741340824,1.0908822462793062
110,-0.04367443804350416,2.115290939503245
111,0.016221693440909082,1.123627136857408
112,-0.9293548131950471,3.0416938179167405
113,-0.3986279793712672,0.7496479631647578
114,0.5200506392507959,1.467590199095609
115,-0.382700245184096,0.9310401637614547
116,0.6090525159238873,1.6377803359867984
117,-0.575636485753991,1.1613383192010212
118,0.2309507678343265,3.267056165657057
119,0.2618348312702735,1.462157584899792
120,-0.6794518642807195,1.536586997558396
121,-0.10125842839805053,1.532820758025195
122,-0.7120941606692304,2.342267692050612
123,-0.2873035408949406,1.2167966468346165
124,-0.2972275280761889,0.9279391322958727
125,0.24668669319621286,0.7586845304974588
126,-0.5469827347149827,1.2305644638146302
127,0.06956601564098835,0.5887482909664296
128,-0.5632816381424168,1.0196118668677918
129,-0.1984089626974973,0.7786781717326772
130,0.5294786799636786,1.7499711412901517
131,-0.4096053116066044,0.4963397664024631
132,-0.08734275523669906,2.317588722531758
133,-0.5444976398015261,0.8707472583861178
134,-0.565425266281728,2.033800523817509
135,-0.680813380879398,0.7432045877606012
136,0.2889224563885999,1.1254412687233186
137,-1.0817019086075983,0.7752542681640765
138,0.04770536411958476,1.784754738373435
139,-0.7669741822544529,0.8167834260960216
140,0.43233893909465515,1.9546325715812505
141,-0.9422468028026604,0.897299362022435
142,0.6181654151365382,1.6193508558812688
143,-1.1156275747447149,1.0364846623771649
144,0.4875892683106076,0.931931263192091
145,-1.0188640051002633,1.3176140469899305
146,0.5030988296734367,1.021270099433496
147,-1.4166585609081643,1.069216026170746
148,0.8620312007813689,2.153212623898946
149,-1.2909575421550732,1.286357361311735
150,0.052372986332851694,1.1338525660239347
151,-0.9618236502669236,1.477975208343632
152,0.6575960711828711,2.0484834402722054
153,-1.354161692589093,1.564554290228489
154,0.8762091463105408,4.776733140247773
155,-1.035134554543641,1.29809115695389
156,0.14598088150587415,1.863034786620657
157,-1.0272818950469058,1.5854503119309065
158,-0.04116944052535073,1.074070325122822
159,-0.6673825329576023,1.685525656876456
160,-0.18681458027922054,1.3400198737072246
