EIS_Point_Seq,Average,Variance
1,0.9036060518374912,0.42798930518730394
2,0.36572710042870293,2.106335248244456
3,0.8058395596162585,0.3633600145327977
4,0.5155638155661693,2.7070589292646625
5,0.8282247290433453,0.40516144251765335
6,0.2244009055101292,1.9776852778911143
7,0.4839533750553859,0.2370209779653359
8,0.5504360437728456,2.135856999530067
9,0.7453915648203729,0.40479009891141876
10,0.26616405838711293,1.2770114811398428
11,0.6407955119726834,0.39675017767212073
12,0.2064985744350204,1.1149745986205317
13,0.6916540468396783,0.6769588492567089
14,-0.0016101873014511489,0.7221316830454386
15,0.6216780362177629,0.627780553342922
16,0.06121493647679909,0.5967590699175412
17,0.5433173989753992,0.5044641748755777
18,0.17375071824093602,0.9700268259380281
19,0.5251465388534956,0.5146812535003286
20,-0.1004513596632957,0.34913581313604125
21,0.49379146468483565,0.48571034297713084
22,-0.21875509852544292,0.4165533626665832
23,0.44562012805410944,0.43368385346519905
24,-0.4628364336543341,0.4099542418799287
25,0.4781415104486892,0.5066754123322206
26,-0.6190280861366158,0.5812995785673528
27,0.47946356211450325,0.4328159273636471
28,-0.752754054294542,0.6166819384922845
29,0.5691319897850048,0.5562683274876218
30,-0.9908335772298644,0.9795373135433058
31,0.397754771865695,0.4867909092567522
32,-0.7423258667179641,0.706864914103735
33,0.5016357120489289,0.4261140497600179
34,-1.0790673359992051,1.3517031713867151
35,0.6844119694897023,0.4333002542893839
36,-1.171922470686808,0.9952652822792559
37,0.6389873360291956,0.5106454386802098
38,-0.9166556526570556,0.7490552042725351
39,0.8091300938244113,0.5351314823228868
40,-0.9947033721065149,0.6270272339013125
41,-0.09988667782944292,0.7743744183282023
42,-0.274915711391203,0.6712050137455744
43,-0.029615296372074204,0.6947602521658104
44,-0.3487548627784833,0.8300917778040988
45,0.16838093631014056,0.5022755776947985
46,-0.2770130101472732,0.5434699829761991
47,0.019879675606250445,0.5080012208788175
48,-0.18828412423594176,0.48120199546955567
49,-0.07800724130790436,0.4014190411743524
50,-0.11594542045285522,0.6792579058817343
51,-0.15509146170803284,0.5805625391224706
52,-0.06472620006123694,0.8708955695517123
53,-0.23839841974345574,0.5057381677278722
54,-0.06739648512341294,0.8723459368084785
55,-0.4378963342774725,0.3743459343363834
56,-0.0480186621616533,0.9035360333831989
57,-0.8902671722321194,1.022453365593905
58,0.095053411121581,1.0064243031099112
59,-0.9724656598191179,0.8936795283127587
60,-0.10085450752060679,1.379408873731729
61,-0.9567292583761863,0.7361148699043046
62,0.03514766004672481,1.0334481919035778
63,-0.993490769235117,0.7015408229770184
64,-0.0015680997903772405,1.088382341769272
65,-1.1499250868742565,1.330830130246265
66,0.3662263183174223,0.7813012688491595
67,-0.8001911504934444,1.8662416107234536
68,-0.004268459189976861,1.2056040962761365
69,-0.7213148619021441,2.1168659159426633
70,0.30684625430613577,0.9453892091270226
71,-0.21825334891061607,1.2705450635179951
72,0.13372892154427224,0.7011829498634082
73,-0.3045966561874623,0.8262175339188484
74,0.2809436627383608,0.8161469781510019
75,-0.2001596259248921,0.8501465554742585
76,0.1763300160027006,1.1014955697174476
77,-0.12537371617411353,1.33597892866817
78,0.42050171175181345,1.6695101562370083
79,-0.7042650797074155,1.8224575309582183
80,0.30678819684460856,1.273174389216305
81,-0.6202294863627764,1.6678252132415674
82,0.1508177917138057,1.6302123755939546
83,-0.764671948683307,1.6818498286341081
84,0.14639489549232892,1.1900656190494159
85,0.043151834216188754,1.1852945121925276
86,0.06250243104464959,0.90753927296991
87,-0.4208208319869063,1.637645690656806
88,0.3122133857283255,1.8427343604917565
89,-0.1578992542181006,1.285332063358878
90,-0.4036723614745151,1.0181867522816643
91,0.18645818493042457,1.0767853479314364
92,-0.3111755835666603,0.8370145510670437
93,0.35504453204282893,0.8260636675051964
94,-0.7417837108837755,0.8854302111255827
95,0.11295340827134356,0.7520875345582932
96,-0.5282230637854419,0.6072559959714732
97,0.2504859328330253,0.7566397456916251
98,-0.8234542357184579,0.8696010740293997
99,0.2609648476007533,0.6189464475476157
100,-0.33227190313025523,1.7547996312071132
101,0.45704150781332503,0.5502849644401312
102,-1.1220865166240315,1.2008017197078615
103,-0.04246887647702495,0.6617353070564949
104,-0.7095571656374553,0.9541499089518015
105,-0.012347110451791977,0.6197263062907565
106,-0.8413446672056798,0.9613775021962603
107,-0.20337879003135903,0.5378847465247023
108,-0.43340416519264624,0.6700982776859294
109,-0.1439157434475473,0.5150012285271865
110,-0.18176607680947948,1.1598787515870048
111,0.1291815175337093,0.6476167867746142
112,-1.1634246795961545,1.606595223820748
113,0.030105831724310222,0.8284542748283585
114,-0.4122715748796682,0.6564960145441547
115,0.08952317226524778,0.8771512797374362
116,-0.090069967652946,0.9920257409972538
117,0.21356721450072744,0.796211949719071
118,-0.18013563884249745,0.9100070190366838
119,0.5313145502821206,0.7116421357174099
120,-0.7266007651013258,0.5352786051107483
121,0.19253221253123948,1.065093924324498
122,-0.21614965571923794,0.7825110926884433
123,0.4722732899363148,0.8275462216764828
124,-0.3771603358562202,0.8338990943523766
125,0.5411125439194112,0.6958924028204053
126,-0.32874742678473984,1.7713484436563511
127,0.741829520224851,0.5434732312475276
128,-0.12626085128918316,2.0478726944914545
129,0.7619839111915983,0.6522003537840207
130,-0.5102626516118588,1.7618571740514324
131,0.6985918797443871,0.4476209823324591
132,-0.16705117923360815,0.8491340653513865
133,0.6828059505261543,0.5209094395326145
134,-0.3976789383766041,0.8845975293048124
135,0.33979651260363325,0.9824292311427486
136,0.6902649021151138,2.5708708408409366
137,0.19710326505203468,1.2153363394479595
138,-0.4575796772885428,1.7733477507003144
139,0.16205336211376295,1.141606040794749
140,0.3357651242529454,0.9373126619792302
141,0.3531659832783981,0.6486401336507672
142,0.05236543318977946,1.095926977516853
143,-0.22056942840227814,1.374049121152147
144,1.0690681704167582,3.286651727766336
145,-0.4505868716288914,0.9605922455236356
146,1.2348875222983215,2.640247744993327
147,-0.5925705690589406,1.2101010058804496
148,0.28993719618900826,1.5001062107036465
149,0.3682602041989787,1.287294930697211
150,0.64775400672846,3.301919635912734
151,0.19378466225268393,1.83894253383451
152,0.5701357326270173,1.204257555392062
153,0.02050736106292462,1.033224535881751
154,1.5894409836637209,1.6854933650400914
155,0.8887966912910239,2.234652133161733
156,1.085656199043865,1.3158079416030306
157,0.9759356213820292,1.613146603959973
158,0.3406968523504993,1.0620361137421703
159,-1.6042965276370489,10.898809087588873
160,1.2749585183262453,1.4874995346684519
