EIS_Point_Seq,Average,Variance
1,0.4677005848461492,0.08774517363420481
2,0.05150887491140964,0.1161453679903668
3,0.45372367695779314,0.07903227681494313
4,0.019925163656230437,0.09572904226410761
5,0.5633730088433657,0.07977426891404822
6,0.04338322889403789,0.10152121921865434
7,0.5063326767219732,0.07705872350635008
8,0.06555455848238106,0.12181684614301076
9,0.5082639564908868,0.07586960393159338
10,0.03254757192499945,0.09622781431736485
11,0.518252879133052,0.08101289782915423
12,0.003829499373790983,0.10599073035743335
13,0.5815393076128432,0.07342843569391029
14,0.024189787605053,0.1247726803693637
15,0.5809711733390014,0.0890423435720493
16,0.0038086796104768936,0.0936332760043439
17,0.552682186178604,0.08194909050030787
18,0.023845894310836686,0.10731832691973224
19,0.5780493293008124,0.07509095426943538
20,0.024169133993629178,0.09727089370022969
21,0.616075060795433,0.08544886895380371
22,0.015847450158434022,0.08810443853515416
23,0.5725178162242142,0.0991572700610948
24,0.021005608739034343,0.11081467557126896
25,0.6579724137701484,0.09690390253627582
26,1.6892394648783024e-05,0.11512171519142667
27,0.6247976661649237,0.11035895399708845
28,-0.003907039885572585,0.09277352347167968
29,0.6933807530701059,0.09791595058032306
30,0.024833985753555637,0.0823636302747537
31,0.6815305980682969,0.1032488934873686
32,-0.023391015405014138,0.10444560602262573
33,0.6727184761916427,0.09063705356404149
34,-0.002015570020715044,0.10264690194981202
35,0.7094431873381286,0.10893601871720236
36,-0.04743288393556633,0.08722961069265373
37,0.6367206778532006,0.08691344206453225
38,-0.03841928249700246,0.0822833855585103
39,0.7236375014133686,0.09849886602163847
40,0.00010512517777249042,0.09817040094592686
41,0.7615901749687147,0.10804802654672763
42,-0.019029508859092412,0.09164472021144013
43,0.7665463082098883,0.1070476112013254
44,-0.08580288782960763,0.0935185987566309
45,0.7069838806930554,0.09285050961850025
46,0.006409393025429831,0.09269841004306262
47,0.7431629670696351,0.1120052172932417
48,-0.050697550096253347,0.09023617160347519
49,0.7270487868911643,0.12203609588978573
50,-0.06517205681075072,0.08260599735304988
51,0.750552053718139,0.10974811270058846
52,-0.0680416589483246,0.09691771902647131
53,0.7742027605477205,0.1010818050937551
54,-0.09217893915092948,0.07497441955448829
55,0.7803044175200188,0.10247799372816489
56,-0.0998984855327767,0.08842209536244139
57,0.7772957905478414,0.12284103088744792
58,-0.06562500946954218,0.075158519968576
59,0.7632557713610182,0.1047224605491656
60,-0.0958932823669782,0.10051036173629167
61,0.7750500911907979,0.1158410688781777
62,-0.09661570162352519,0.07872191125375118
63,0.8051469440288593,0.11554187485951511
64,-0.08978808305130064,0.09734495023928655
65,0.7858227212016763,0.11551415423439743
66,-0.13447343853248578,0.09489494299384672
67,0.8055283270326743,0.09342512664686821
68,-0.1549173837272065,0.10665802016449528
69,0.78426843039026,0.10454917230967901
70,-0.12374427171736649,0.07952773920771072
71,0.8091834791812919,0.09385118620652508
72,-0.14036655580444238,0.08631536948300075
73,0.8198392961220876,0.10095341462011397
74,-0.18791734215049752,0.07588062270857682
75,0.8048411381318933,0.11280197564204916
76,-0.18484730163075944,0.09975986552569374
77,0.8810220661307719,0.08328360612801461
78,-0.19560605733448616,0.09187203254951183
79,0.8230907691851269,0.11270207122727192
80,-0.1662897815294053,0.08640481141655176
81,0.795958246704661,0.12247685460758405
82,-0.15846542692518942,0.07571020829388175
83,0.8444544172870099,0.1002995357047352
84,-0.210246802431123,0.09200385561920145
85,0.846225701195013,0.10505226414573476
86,-0.1897734286150451,0.08983880718360653
87,0.844729346268929,0.09069466699600293
88,-0.20928080914426503,0.09058170300899206
89,0.8502093809880161,0.11166946824628989
90,-0.26170891274924957,0.08781085185414288
91,0.8967434988914359,0.12664128556576487
92,-0.2268470056957344,0.08861363593579406
93,0.8354770985586643,0.10872716175118059
94,-0.29339988232749203,0.08577790064744172
95,0.8720540828718805,0.11429729338880387
96,-0.30420959234956885,0.11163707234299565
97,0.8312832991558731,0.08993369411999644
98,-0.22761762972432037,0.08274239350865145
99,0.756599874005324,0.09201168418498015
100,-0.20901910984613276,0.08517859008765223
101,0.7283847098894447,0.08252266121830275
102,-0.2450023973039288,0.09957527396543246
103,0.6998558658068003,0.08195676620063842
104,-0.14653053291214388,0.09590824282135649
105,0.6913419474845999,0.08790592369335033
106,-0.15925127011022278,0.08690534164429653
107,0.6969696718898356,0.08557274875411519
108,-0.22458111265610825,0.08865610009957191
109,0.6838485096811369,0.09781327933778558
110,-0.15749619827263947,0.1025171352698495
111,0.6923243936831146,0.10282666758301837
112,-0.09378596466574697,0.07893615466073953
113,0.7084498950187047,0.0978849001409523
114,-0.13327280577693068,0.11094104092904997
115,0.6176267951658535,0.09038999668269723
116,-0.1366056925203066,0.10678411038514515
117,0.5470304914795315,0.10736690097957736
118,-0.125879143382433,0.09838949692463278
119,0.5469401509729168,0.07877451330386166
120,-0.11433932312751272,0.10862798042056336
121,0.5035259088079256,0.10508013614939207
122,-0.11357254209484142,0.09905638968133787
123,0.4982876998670076,0.11595810145514938
124,-0.18805003330749373,0.09561776290630837
125,0.42663963951917877,0.124767082701191
126,-0.2023613894427205,0.10725103658497676
127,0.41238392106691846,0.12948938467481638
128,-0.21766604691446556,0.110351497294618
129,0.3470472240131336,0.15356819277027886
130,-0.21564912971227065,0.12897511328324637
131,0.352217033720112,0.1340085425391855
132,-0.27296819998005234,0.12251819301067966
133,0.271624079798534,0.15031020604817733
134,-0.22407761216771935,0.13004977127957373
135,0.18785729025063141,0.18108921950329893
136,-0.18029730094644097,0.11242143437798544
137,0.11023541202599955,0.19596552696277225
138,-0.15764746238586436,0.13221664205042596
139,0.04320265047724443,0.18855858732161782
140,-0.1915365318377106,0.13731447663983581
141,0.024748482356796324,0.1972670943092897
142,-0.14206748693545984,0.11672420340760313
143,-0.00204060816116029,0.19744576419720822
144,-0.11592257849081196,0.11233870942953497
145,-0.028349029775053516,0.24224983294511493
146,-0.07850342189347075,0.10918572710790872
147,-0.12832163037916522,0.24982608618800162
148,-0.039427266402546346,0.15598497098247863
149,-0.2325536612310522,0.2605074534112337
150,0.07981705842081947,0.12849957403971163
151,-0.22378850530072933,0.29663583347699607
152,0.04789036475887633,0.11123597200020685
153,-0.3370095450736215,0.3182480784698875
154,0.15964192261537785,0.14184034884623176
155,-0.4041875591569099,0.24867325105069701
156,0.22089337382465515,0.13068577733575215
157,-0.446234560377671,0.27150728942050556
158,0.19466908182529089,0.1380696110124016
159,-0.5847481653381142,0.38435953631642805
160,0.5346165624045165,0.14164125852960177
