EIS_Point_Seq,Average,Variance
1,0.5261911266280358,0.09138532711077882
2,-0.12199140530915582,0.105201511476974
3,0.4892022770235929,0.0841754002490157
4,-0.10261972020074894,0.11836138612240482
5,0.5826850512016323,0.0753024560464928
6,-0.14827825914390594,0.10417047542723055
7,0.5366430373950137,0.09140794559532582
8,-0.10194367440132054,0.12261142368192376
9,0.534557682086936,0.09356305274759452
10,-0.14095240567561176,0.11438790052542175
11,0.6114528748008657,0.0758559263226028
12,-0.16141538024040678,0.10495979410214004
13,0.5955040791637191,0.08045467496241078
14,-0.11750361145761005,0.10850108127684471
15,0.5579717121594031,0.10101151426497684
16,-0.15112255641602435,0.08839503497288045
17,0.5748703498661338,0.08509675145269752
18,-0.09859879780214624,0.09796729822873805
19,0.5620704666842955,0.09814874675900707
20,-0.15767516655747096,0.09275959374594693
21,0.6097863709378436,0.09735816122206997
22,-0.1600656304608971,0.086666023694622
23,0.5800283812968865,0.09400354303966818
24,-0.21017676589190673,0.09089071772226522
25,0.6256620060838086,0.08503917226827983
26,-0.196434995662346,0.11165000020110369
27,0.6648296625185456,0.09491567866346452
28,-0.1634221478803018,0.11228627856983413
29,0.643984292032441,0.1021547160830021
30,-0.23018877672816776,0.09143807389028612
31,0.6722825703870865,0.08047059485864684
32,-0.214014355798006,0.08719396378478293
33,0.6583569729598229,0.10565895983862866
34,-0.24203813584117684,0.08863341610551578
35,0.7121199084835395,0.10192313469409321
36,-0.25434904190790175,0.09483008494503183
37,0.7079837146749092,0.10096638562077075
38,-0.26712052872499453,0.09857531885875193
39,0.749556777604867,0.12401893790810993
40,-0.2804193842330312,0.11449884397450968
41,0.6231132481651397,0.10708329597273882
42,-0.14602676324640324,0.08513098566455866
43,0.6197191254232423,0.10386100242552142
44,-0.17753363283956985,0.09475039321589737
45,0.5956473834999163,0.09689977510032269
46,-0.20764741183858937,0.0780470382775496
47,0.6593721437738854,0.12220677881447424
48,-0.19145330255723544,0.09112872895545805
49,0.6104261481535951,0.10181557808070679
50,-0.1980731882917991,0.0897070713230181
51,0.6494404289495732,0.11468540463693444
52,-0.24271154306651638,0.09191308108182146
53,0.6648010305722426,0.11636438390020136
54,-0.21713089676749456,0.08553476379875685
55,0.6642072339394899,0.1153676179173777
56,-0.20227268823608788,0.09568110565329656
57,0.6564152921367433,0.12399729684745749
58,-0.19915602795971774,0.09942613924735315
59,0.6681524051913448,0.1416366975188508
60,-0.2581899850135475,0.1276699179931601
61,0.6554425989364288,0.13825958910999556
62,-0.2462515433240001,0.13845979721417334
63,0.6960242358802916,0.11788463357754116
64,-0.1885236720700102,0.13226187948345514
65,0.6833519372027944,0.12515292411957768
66,-0.26421831098486714,0.16823710966821062
67,0.7194037929456893,0.1459987381024117
68,-0.32999973747095884,0.23365635576627666
69,0.7444296920840269,0.10802397232710499
70,-0.1712280348407235,0.09278410172997383
71,0.688079206502751,0.10845049572197556
72,-0.16186675676047013,0.09873965482308471
73,0.688169702480952,0.09683560384114477
74,-0.14555184157557824,0.09573886303823091
75,0.689740697908146,0.10410417770047864
76,-0.16596770391861954,0.11768721499521173
77,0.7143830654831038,0.1084602455252146
78,-0.14636879174418177,0.09286540063117348
79,0.7137837291365267,0.12954004741648886
80,-0.13902517134522285,0.1052482792462781
81,0.738352495785099,0.10664918621085244
82,-0.205585818294011,0.0843030719882827
83,0.6953344115051199,0.09923084517798313
84,-0.17167919493432876,0.09024434151655863
85,0.7037441369399365,0.09269317249878145
86,-0.1817452349548208,0.09758792523751789
87,0.7691912398251287,0.0963658157657707
88,-0.1791458828257713,0.10710756500376202
89,0.7243991185143563,0.101546212148762
90,-0.2022748549234586,0.08023122826017738
91,0.7243326976458611,0.09499685807604816
92,-0.18328533796828378,0.09081191323752856
93,0.7816862196969737,0.11155888903090962
94,-0.14878766955347764,0.09841163571584065
95,0.6872216660468335,0.09532588131106907
96,-0.21930674936068015,0.08408560073963733
97,0.7055836226769445,0.10444178672954525
98,-0.150562365910008,0.09264143892533072
99,0.6790424367172568,0.11478203022462997
100,-0.19940583876971704,0.08508610075646106
101,0.6730316786444397,0.10147713139652732
102,-0.1465860103858229,0.10505168691509131
103,0.6419210364226622,0.11625254740592927
104,-0.1666619135481158,0.0836107965827371
105,0.6513040940535375,0.08857847020770017
106,-0.11037405465884875,0.1007729972716977
107,0.6388182379817622,0.10511230705252951
108,-0.06989715086651214,0.0763668768060725
109,0.6605283964908969,0.08342177467130425
110,-0.0950403198319491,0.08486728116309468
111,0.6251493672627979,0.10743444599788134
112,-0.20959186938166688,0.08607226817822486
113,0.6664019428724581,0.09664569838134356
114,-0.06965043796742647,0.10164159318166144
115,0.5952391731907597,0.08852408974875134
116,-0.0788247470858897,0.10358581272018288
117,0.5277437849179567,0.07717917435044871
118,-0.026131369431654776,0.09677029877577756
119,0.4946865705978533,0.0983300188900396
120,-0.05119594974666718,0.09456624046613639
121,0.47955771843667755,0.09920669847405418
122,-0.09783861158776108,0.09789879757313247
123,0.47237893539154885,0.0805316624019063
124,-0.01150156310628028,0.09801479026315707
125,0.4730802870209289,0.10045662798399596
126,-0.046841977928650774,0.109485470201616
127,0.38673011480456937,0.11164768963777744
128,-0.059704962988647345,0.1051243862750342
129,0.38194013003818406,0.12767976100745468
130,-0.13855537550420766,0.09822591469381899
131,0.34429066372348593,0.09829083078606021
132,-0.11462457175923767,0.08987167982680015
133,0.3153091675064212,0.11770297638778347
134,-0.1889903075644592,0.10940053147798871
135,0.31408454230271765,0.11429105233930159
136,-0.02239733589622629,0.10535793707956732
137,0.20796651123782112,0.13407065162571322
138,-0.08318677525809398,0.10624928786309142
139,0.19840851550008207,0.15756789968224022
140,-0.020782877886187972,0.15365640300311523
141,0.13042606266892348,0.15899699433810505
142,0.060474078314246074,0.12096341458275311
143,0.11262042170531023,0.14730046709384118
144,0.020901129249195696,0.1229362133887877
145,0.04916308885114931,0.16777093464251924
146,0.022080163913884135,0.11473540126059201
147,-0.05706526901312765,0.21132945628624755
148,0.09286738364219609,0.13084007653917518
149,-0.13234925324696625,0.2120708597020685
150,0.21293149310528853,0.10682559057466769
151,-0.27028066255696187,0.3085392034470561
152,0.28621465271939883,0.16704687686667014
153,-0.24655751039960216,0.2964986008539856
154,0.37470252283838895,0.12949604972468576
155,-0.3044851633635967,0.2647627511676589
156,0.37280449217835177,0.14163186951861428
157,-0.27400512328428145,0.2468713094726259
158,0.26315195217554693,0.16681208539460238
159,-0.4759964770315161,0.4122604479596828
160,0.5907389931000219,0.1417009935604378
