2020_04_20_lrc_ovr_linear_alpha_iter_7000_alpha_init=1e-05_classifer_dict_pickle_0.file,7000,1e-05,0,0.43617021276595747,0.31386861313868614,1.0
2020_04_20_lrc_ovr_linear_alpha_iter_7000_alpha_init=1e-05_classifer_dict_pickle_1.file,7000,1e-05,1,0.43617021276595747,0.31386861313868614,1.0
2020_04_20_lrc_ovr_linear_alpha_iter_7000_alpha_init=1e-05_classifer_dict_pickle_2.file,7000,1e-05,2,0.43617021276595747,0.31386861313868614,1.0
2020_04_20_lrc_ovr_linear_alpha_iter_7000_alpha_init=1e-05_classifer_dict_pickle_3.file,7000,1e-05,3,0.43617021276595747,0.31386861313868614,1.0
2020_04_20_lrc_ovr_linear_alpha_iter_7000_alpha_init=1e-05_classifer_dict_pickle_4.file,7000,1e-05,4,0.43617021276595747,0.31386861313868614,1.0
2020_04_20_lrc_ovr_linear_alpha_iter_7000_alpha_init=1e-05_classifer_dict_pickle_5.file,7000,1e-05,5,0.43617021276595747,0.31386861313868614,1.0
2020_04_20_lrc_ovr_linear_alpha_iter_7000_alpha_init=1e-05_classifer_dict_pickle_6.file,7000,1e-05,6,0.43617021276595747,0.31386861313868614,1.0
2020_04_20_lrc_ovr_linear_alpha_iter_7000_alpha_init=1e-05_classifer_dict_pickle_7.file,7000,1e-05,7,0.43617021276595747,0.31386861313868614,1.0
2020_04_20_lrc_ovr_linear_alpha_iter_7000_alpha_init=1e-05_classifer_dict_pickle_8.file,7000,1e-05,8,0.43617021276595747,0.31386861313868614,1.0
2020_04_20_lrc_ovr_linear_alpha_iter_7000_alpha_init=1e-05_classifer_dict_pickle_9.file,7000,1e-05,9,0.43617021276595747,0.31386861313868614,1.0
2020_04_20_lrc_ovr_linear_alpha_iter_9000_alpha_init=1.0_classifer_dict_pickle_0.file,9000,1.0,0,0.43617021276595747,0.32088331515812435,0.8191489361702128
2020_04_20_lrc_ovr_linear_alpha_iter_9000_alpha_init=1.0_classifer_dict_pickle_1.file,9000,1.0,1,0.43617021276595747,0.322453420372637,0.851063829787234
2020_04_20_lrc_ovr_linear_alpha_iter_9000_alpha_init=1.0_classifer_dict_pickle_2.file,9000,1.0,2,0.44680851063829785,0.3346038660495508,0.8617021276595744
2020_04_20_lrc_ovr_linear_alpha_iter_9000_alpha_init=1.0_classifer_dict_pickle_3.file,9000,1.0,3,0.43617021276595747,0.32291383528132644,0.8191489361702128
2020_04_20_lrc_ovr_linear_alpha_iter_9000_alpha_init=1.0_classifer_dict_pickle_4.file,9000,1.0,4,0.44680851063829785,0.33614016026076327,0.8404255319148937
2020_04_20_lrc_ovr_linear_alpha_iter_9000_alpha_init=1.0_classifer_dict_pickle_5.file,9000,1.0,5,0.44680851063829785,0.3341506606729328,0.851063829787234
2020_04_20_lrc_ovr_linear_alpha_iter_9000_alpha_init=1.0_classifer_dict_pickle_6.file,9000,1.0,6,0.43617021276595747,0.32291383528132644,0.8191489361702128
2020_04_20_lrc_ovr_linear_alpha_iter_9000_alpha_init=1.0_classifer_dict_pickle_7.file,9000,1.0,7,0.44680851063829785,0.3356890459363957,0.851063829787234
2020_04_20_lrc_ovr_linear_alpha_iter_9000_alpha_init=1.0_classifer_dict_pickle_8.file,9000,1.0,8,0.43617021276595747,0.32291383528132644,0.851063829787234
2020_04_20_lrc_ovr_linear_alpha_iter_9000_alpha_init=1.0_classifer_dict_pickle_9.file,9000,1.0,9,0.43617021276595747,0.32291383528132644,0.8404255319148937
2020_04_20_lrc_ovr_linear_alpha_iter_9000_alpha_init=0.1_classifer_dict_pickle_0.file,9000,0.1,0,0.4574468085106383,0.3476663491631514,0.851063829787234
2020_04_20_lrc_ovr_linear_alpha_iter_9000_alpha_init=0.1_classifer_dict_pickle_1.file,9000,0.1,1,0.44680851063829785,0.3351468988030468,0.8617021276595744
2020_04_20_lrc_ovr_linear_alpha_iter_9000_alpha_init=0.1_classifer_dict_pickle_2.file,9000,0.1,2,0.46808510638297873,0.3587994542974079,0.8723404255319149
2020_04_20_lrc_ovr_linear_alpha_iter_9000_alpha_init=0.1_classifer_dict_pickle_3.file,9000,0.1,3,0.44680851063829785,0.3351468988030467,0.8617021276595744
2020_04_20_lrc_ovr_linear_alpha_iter_9000_alpha_init=0.1_classifer_dict_pickle_4.file,9000,0.1,4,0.4787234042553192,0.37016272391631344,0.851063829787234
2020_04_20_lrc_ovr_linear_alpha_iter_9000_alpha_init=0.1_classifer_dict_pickle_5.file,9000,0.1,5,0.46808510638297873,0.3574846206425154,0.8723404255319149
2020_04_20_lrc_ovr_linear_alpha_iter_9000_alpha_init=0.1_classifer_dict_pickle_6.file,9000,0.1,6,0.44680851063829785,0.3333333333333333,0.9042553191489362
2020_04_20_lrc_ovr_linear_alpha_iter_9000_alpha_init=0.1_classifer_dict_pickle_7.file,9000,0.1,7,0.4574468085106383,0.3461538461538462,0.8829787234042553
2020_04_20_lrc_ovr_linear_alpha_iter_9000_alpha_init=0.1_classifer_dict_pickle_8.file,9000,0.1,8,0.4574468085106383,0.3461538461538462,0.8829787234042553
2020_04_20_lrc_ovr_linear_alpha_iter_9000_alpha_init=0.1_classifer_dict_pickle_9.file,9000,0.1,9,0.46808510638297873,0.3574846206425154,0.851063829787234
2020_04_20_lrc_ovr_linear_alpha_iter_9000_alpha_init=0.01_classifer_dict_pickle_0.file,9000,0.01,0,0.43617021276595747,0.3128275862068966,0.8191489361702128
2020_04_20_lrc_ovr_linear_alpha_iter_9000_alpha_init=0.01_classifer_dict_pickle_1.file,9000,0.01,1,0.4148936170212766,0.2931364506426032,0.7978723404255319
2020_04_20_lrc_ovr_linear_alpha_iter_9000_alpha_init=0.01_classifer_dict_pickle_2.file,9000,0.01,2,0.40425531914893614,0.27642611683848795,0.8617021276595744
2020_04_20_lrc_ovr_linear_alpha_iter_9000_alpha_init=0.01_classifer_dict_pickle_3.file,9000,0.01,3,0.425531914893617,0.3027472527472527,0.8404255319148937
2020_04_20_lrc_ovr_linear_alpha_iter_9000_alpha_init=0.01_classifer_dict_pickle_4.file,9000,0.01,4,0.43617021276595747,0.3139630955659598,0.8297872340425532
2020_04_20_lrc_ovr_linear_alpha_iter_9000_alpha_init=0.01_classifer_dict_pickle_5.file,9000,0.01,5,0.425531914893617,0.3028430160692212,0.8404255319148937
2020_04_20_lrc_ovr_linear_alpha_iter_9000_alpha_init=0.01_classifer_dict_pickle_6.file,9000,0.01,6,0.425531914893617,0.30198019801980197,0.8404255319148937
2020_04_20_lrc_ovr_linear_alpha_iter_9000_alpha_init=0.01_classifer_dict_pickle_7.file,9000,0.01,7,0.40425531914893614,0.278211984094337,0.8297872340425532
2020_04_20_lrc_ovr_linear_alpha_iter_9000_alpha_init=0.01_classifer_dict_pickle_8.file,9000,0.01,8,0.4574468085106383,0.33811956371669194,0.8297872340425532
2020_04_20_lrc_ovr_linear_alpha_iter_9000_alpha_init=0.01_classifer_dict_pickle_9.file,9000,0.01,9,0.425531914893617,0.3014037985136251,0.8404255319148937
2020_04_20_lrc_ovr_linear_alpha_iter_9000_alpha_init=0.001_classifer_dict_pickle_0.file,9000,0.001,0,0.4574468085106383,0.31426119296238014,0.6276595744680851
2020_04_20_lrc_ovr_linear_alpha_iter_9000_alpha_init=0.001_classifer_dict_pickle_1.file,9000,0.001,1,0.43617021276595747,0.29413431567016146,0.6808510638297872
2020_04_20_lrc_ovr_linear_alpha_iter_9000_alpha_init=0.001_classifer_dict_pickle_2.file,9000,0.001,2,0.4148936170212766,0.26037195994277534,0.6170212765957447
2020_04_20_lrc_ovr_linear_alpha_iter_9000_alpha_init=0.001_classifer_dict_pickle_3.file,9000,0.001,3,0.4148936170212766,0.26499857833380724,0.6595744680851063
2020_04_20_lrc_ovr_linear_alpha_iter_9000_alpha_init=0.001_classifer_dict_pickle_4.file,9000,0.001,4,0.4574468085106383,0.32307257836769276,0.6808510638297872
2020_04_20_lrc_ovr_linear_alpha_iter_9000_alpha_init=0.001_classifer_dict_pickle_5.file,9000,0.001,5,0.44680851063829785,0.3024118738404452,0.6170212765957447
2020_04_20_lrc_ovr_linear_alpha_iter_9000_alpha_init=0.001_classifer_dict_pickle_6.file,9000,0.001,6,0.43617021276595747,0.2897063016823496,0.6808510638297872
2020_04_20_lrc_ovr_linear_alpha_iter_9000_alpha_init=0.001_classifer_dict_pickle_7.file,9000,0.001,7,0.44680851063829785,0.2988093530339979,0.574468085106383
2020_04_20_lrc_ovr_linear_alpha_iter_9000_alpha_init=0.001_classifer_dict_pickle_8.file,9000,0.001,8,0.425531914893617,0.28677813685541664,0.723404255319149
2020_04_20_lrc_ovr_linear_alpha_iter_9000_alpha_init=0.001_classifer_dict_pickle_9.file,9000,0.001,9,0.43617021276595747,0.28634866065033665,0.6276595744680851
2020_04_20_lrc_ovr_linear_alpha_iter_9000_alpha_init=0.0001_classifer_dict_pickle_0.file,9000,0.0001,0,0.43617021276595747,0.31386861313868614,1.0
2020_04_20_lrc_ovr_linear_alpha_iter_9000_alpha_init=0.0001_classifer_dict_pickle_1.file,9000,0.0001,1,0.43617021276595747,0.31386861313868614,1.0
2020_04_20_lrc_ovr_linear_alpha_iter_9000_alpha_init=0.0001_classifer_dict_pickle_2.file,9000,0.0001,2,0.43617021276595747,0.31386861313868614,1.0
2020_04_20_lrc_ovr_linear_alpha_iter_9000_alpha_init=0.0001_classifer_dict_pickle_3.file,9000,0.0001,3,0.43617021276595747,0.31386861313868614,1.0
2020_04_20_lrc_ovr_linear_alpha_iter_9000_alpha_init=0.0001_classifer_dict_pickle_4.file,9000,0.0001,4,0.43617021276595747,0.31386861313868614,1.0
2020_04_20_lrc_ovr_linear_alpha_iter_9000_alpha_init=0.0001_classifer_dict_pickle_5.file,9000,0.0001,5,0.43617021276595747,0.31386861313868614,1.0
2020_04_20_lrc_ovr_linear_alpha_iter_9000_alpha_init=0.0001_classifer_dict_pickle_6.file,9000,0.0001,6,0.43617021276595747,0.31386861313868614,1.0
2020_04_20_lrc_ovr_linear_alpha_iter_9000_alpha_init=0.0001_classifer_dict_pickle_7.file,9000,0.0001,7,0.43617021276595747,0.31386861313868614,1.0
2020_04_20_lrc_ovr_linear_alpha_iter_9000_alpha_init=0.0001_classifer_dict_pickle_8.file,9000,0.0001,8,0.43617021276595747,0.31386861313868614,1.0
2020_04_20_lrc_ovr_linear_alpha_iter_9000_alpha_init=0.0001_classifer_dict_pickle_9.file,9000,0.0001,9,0.43617021276595747,0.31386861313868614,1.0
2020_04_20_lrc_ovr_linear_alpha_iter_9000_alpha_init=1e-05_classifer_dict_pickle_0.file,9000,1e-05,0,0.43617021276595747,0.31386861313868614,1.0
2020_04_20_lrc_ovr_linear_alpha_iter_9000_alpha_init=1e-05_classifer_dict_pickle_1.file,9000,1e-05,1,0.43617021276595747,0.31386861313868614,1.0
2020_04_20_lrc_ovr_linear_alpha_iter_9000_alpha_init=1e-05_classifer_dict_pickle_2.file,9000,1e-05,2,0.43617021276595747,0.31386861313868614,1.0
2020_04_20_lrc_ovr_linear_alpha_iter_9000_alpha_init=1e-05_classifer_dict_pickle_3.file,9000,1e-05,3,0.43617021276595747,0.31386861313868614,1.0
2020_04_20_lrc_ovr_linear_alpha_iter_9000_alpha_init=1e-05_classifer_dict_pickle_4.file,9000,1e-05,3,0.43617021276595747,0.31386861313868614,1.0
2020_04_20_lrc_ovr_linear_alpha_iter_9000_alpha_init=1e-05_classifer_dict_pickle_5.file,9000,1e-05,3,0.43617021276595747,0.31386861313868614,1.0
2020_04_20_lrc_ovr_linear_alpha_iter_9000_alpha_init=1e-05_classifer_dict_pickle_6.file,9000,1e-05,3,0.43617021276595747,0.31386861313868614,1.0
2020_04_20_lrc_ovr_linear_alpha_iter_9000_alpha_init=1e-05_classifer_dict_pickle_7.file,9000,1e-05,3,0.43617021276595747,0.31386861313868614,1.0
2020_04_20_lrc_ovr_linear_alpha_iter_9000_alpha_init=1e-05_classifer_dict_pickle_8.file,9000,1e-05,3,0.43617021276595747,0.31386861313868614,1.0
2020_04_20_lrc_ovr_linear_alpha_iter_9000_alpha_init=1e-05_classifer_dict_pickle_9.file,9000,1e-05,3,0.43617021276595747,0.31386861313868614,1.0