2020_04_19_lrc_ovr_linear_alpha_iter_3000_alpha_init=1.0_classifer_dict_pickle_1.file,3000,1.0,1,0.43617021276595747,0.32493224932249326,0.8297872340425532
2020_04_19_lrc_ovr_linear_alpha_iter_3000_alpha_init=1.0_classifer_dict_pickle_2.file,3000,1.0,2,0.43617021276595747,0.32493224932249326,0.8404255319148937
2020_04_19_lrc_ovr_linear_alpha_iter_3000_alpha_init=1.0_classifer_dict_pickle_3.file,3000,1.0,3,0.43617021276595747,0.32493224932249326,0.8404255319148937
2020_04_19_lrc_ovr_linear_alpha_iter_3000_alpha_init=1.0_classifer_dict_pickle_4.file,3000,1.0,4,0.43617021276595747,0.32493224932249326,0.851063829787234
2020_04_19_lrc_ovr_linear_alpha_iter_3000_alpha_init=1.0_classifer_dict_pickle_5.file,3000,1.0,5,0.44680851063829785,0.3376693766937669,0.8404255319148937
2020_04_19_lrc_ovr_linear_alpha_iter_3000_alpha_init=1.0_classifer_dict_pickle_6.file,3000,1.0,6,0.43617021276595747,0.32419967444384157,0.8404255319148937
2020_04_19_lrc_ovr_linear_alpha_iter_3000_alpha_init=1.0_classifer_dict_pickle_7.file,3000,1.0,7,0.43617021276595747,0.32419967444384157,0.8404255319148937
2020_04_19_lrc_ovr_linear_alpha_iter_3000_alpha_init=1.0_classifer_dict_pickle_8.file,3000,1.0,8,0.43617021276595747,0.3246577199403552,0.8297872340425532
2020_04_19_lrc_ovr_linear_alpha_iter_3000_alpha_init=1.0_classifer_dict_pickle_9.file,3000,1.0,9,0.43617021276595747,0.32309782608695653,0.8297872340425532
2020_04_19_lrc_ovr_linear_alpha_iter_3000_alpha_init=0.1_classifer_dict_pickle_0.file,3000,0.1,0,0.43617021276595747,0.3141519823788546,0.8404255319148937
2020_04_19_lrc_ovr_linear_alpha_iter_3000_alpha_init=0.1_classifer_dict_pickle_1.file,3000,0.1,1,0.44680851063829785,0.3278327832783278,0.851063829787234
2020_04_19_lrc_ovr_linear_alpha_iter_3000_alpha_init=0.1_classifer_dict_pickle_2.file,3000,0.1,2,0.425531914893617,0.3054187192118227,0.8404255319148937
2020_04_19_lrc_ovr_linear_alpha_iter_3000_alpha_init=0.1_classifer_dict_pickle_3.file,3000,0.1,3,0.43617021276595747,0.3158472946992585,0.8297872340425532
2020_04_19_lrc_ovr_linear_alpha_iter_3000_alpha_init=0.1_classifer_dict_pickle_4.file,3000,0.1,4,0.44680851063829785,0.3278327832783278,0.8191489361702128
2020_04_19_lrc_ovr_linear_alpha_iter_3000_alpha_init=0.1_classifer_dict_pickle_5.file,3000,0.1,5,0.44680851063829785,0.3271851342050929,0.8191489361702128
2020_04_19_lrc_ovr_linear_alpha_iter_3000_alpha_init=0.1_classifer_dict_pickle_6.file,3000,0.1,6,0.425531914893617,0.302555647155812,0.8617021276595744
2020_04_19_lrc_ovr_linear_alpha_iter_3000_alpha_init=0.1_classifer_dict_pickle_7.file,3000,0.1,7,0.44680851063829785,0.3287558363087064,0.8617021276595744
2020_04_19_lrc_ovr_linear_alpha_iter_3000_alpha_init=0.1_classifer_dict_pickle_8.file,3000,0.1,8,0.4574468085106383,0.3392143349414197,0.8617021276595744
2020_04_19_lrc_ovr_linear_alpha_iter_3000_alpha_init=0.1_classifer_dict_pickle_9.file,3000,0.1,9,0.44680851063829785,0.3276478679504814,0.8617021276595744
2020_04_19_lrc_ovr_linear_alpha_iter_3000_alpha_init=0.01_classifer_dict_pickle_0.file,3000,0.01,0,0.44680851063829785,0.32709251101321585,0.776595744680851
2020_04_19_lrc_ovr_linear_alpha_iter_3000_alpha_init=0.01_classifer_dict_pickle_1.file,3000,0.01,1,0.3723404255319149,0.23185595567867037,0.7659574468085106
2020_04_19_lrc_ovr_linear_alpha_iter_3000_alpha_init=0.01_classifer_dict_pickle_2.file,3000,0.01,2,0.3829787234042553,0.2452934662236988,0.7659574468085106
2020_04_19_lrc_ovr_linear_alpha_iter_3000_alpha_init=0.01_classifer_dict_pickle_3.file,3000,0.01,3,0.3723404255319149,0.2270383275261324,0.8085106382978723
2020_04_19_lrc_ovr_linear_alpha_iter_3000_alpha_init=0.01_classifer_dict_pickle_4.file,3000,0.01,4,0.40425531914893614,0.27332965212589727,0.7872340425531915
2020_04_19_lrc_ovr_linear_alpha_iter_3000_alpha_init=0.01_classifer_dict_pickle_5.file,3000,0.01,5,0.425531914893617,0.2936264959643752,0.723404255319149
2020_04_19_lrc_ovr_linear_alpha_iter_3000_alpha_init=0.01_classifer_dict_pickle_6.file,3000,0.01,6,0.425531914893617,0.2973421926910299,0.7872340425531915
2020_04_19_lrc_ovr_linear_alpha_iter_3000_alpha_init=0.01_classifer_dict_pickle_7.file,3000,0.01,7,0.4148936170212766,0.2779329608938547,0.7446808510638298
2020_04_19_lrc_ovr_linear_alpha_iter_3000_alpha_init=0.01_classifer_dict_pickle_8.file,3000,0.01,8,0.35106382978723405,0.2003904615813694,0.7446808510638298
2020_04_19_lrc_ovr_linear_alpha_iter_3000_alpha_init=0.01_classifer_dict_pickle_9.file,3000,0.01,9,0.39361702127659576,0.2528238739366895,0.7553191489361702
2020_04_19_lrc_ovr_linear_alpha_iter_3000_alpha_init=0.001_classifer_dict_pickle_0.file,3000,0.001,0,0.44680851063829785,0.30459524825722006,0.6382978723404256
2020_04_19_lrc_ovr_linear_alpha_iter_3000_alpha_init=0.001_classifer_dict_pickle_1.file,3000,0.001,1,0.44680851063829785,0.3183656393808395,0.6702127659574468
2020_04_19_lrc_ovr_linear_alpha_iter_3000_alpha_init=0.001_classifer_dict_pickle_2.file,3000,0.001,2,0.46808510638297873,0.3203181489515545,0.6276595744680851
2020_04_19_lrc_ovr_linear_alpha_iter_3000_alpha_init=0.001_classifer_dict_pickle_3.file,3000,0.001,3,0.44680851063829785,0.30001432049262494,0.7340425531914894
2020_04_19_lrc_ovr_linear_alpha_iter_3000_alpha_init=0.001_classifer_dict_pickle_4.file,3000,0.001,4,0.4574468085106383,0.3267799466367084,0.7553191489361702
2020_04_19_lrc_ovr_linear_alpha_iter_3000_alpha_init=0.001_classifer_dict_pickle_5.file,3000,0.001,5,0.46808510638297873,0.33634566506636543,0.6914893617021277
2020_04_19_lrc_ovr_linear_alpha_iter_3000_alpha_init=0.001_classifer_dict_pickle_6.file,3000,0.001,6,0.43617021276595747,0.2988036593947924,0.6914893617021277
2020_04_19_lrc_ovr_linear_alpha_iter_3000_alpha_init=0.001_classifer_dict_pickle_7.file,3000,0.001,7,0.46808510638297873,0.33010262257696693,0.7340425531914894
2020_04_19_lrc_ovr_linear_alpha_iter_3000_alpha_init=0.001_classifer_dict_pickle_8.file,3000,0.001,8,0.46808510638297873,0.3264545715104614,0.648936170212766
2020_04_19_lrc_ovr_linear_alpha_iter_3000_alpha_init=0.001_classifer_dict_pickle_9.file,3000,0.001,9,0.4787234042553192,0.3473147229701006,0.6595744680851063
2020_04_19_lrc_ovr_linear_alpha_iter_3000_alpha_init=0.0001_classifer_dict_pickle_0.file,3000,0.0001,0,0.43617021276595747,0.31386861313868614,1.0
2020_04_19_lrc_ovr_linear_alpha_iter_3000_alpha_init=0.0001_classifer_dict_pickle_1.file,3000,0.0001,1,0.43617021276595747,0.31386861313868614,1.0
2020_04_19_lrc_ovr_linear_alpha_iter_3000_alpha_init=0.0001_classifer_dict_pickle_2.file,3000,0.0001,2,0.43617021276595747,0.31386861313868614,1.0
2020_04_19_lrc_ovr_linear_alpha_iter_3000_alpha_init=0.0001_classifer_dict_pickle_3.file,3000,0.0001,3,0.43617021276595747,0.31386861313868614,1.0
2020_04_19_lrc_ovr_linear_alpha_iter_3000_alpha_init=0.0001_classifer_dict_pickle_4.file,3000,0.0001,4,0.43617021276595747,0.31386861313868614,1.0
2020_04_19_lrc_ovr_linear_alpha_iter_3000_alpha_init=0.0001_classifer_dict_pickle_5.file,3000,0.0001,5,0.43617021276595747,0.31386861313868614,1.0
2020_04_19_lrc_ovr_linear_alpha_iter_3000_alpha_init=0.0001_classifer_dict_pickle_6.file,3000,0.0001,6,0.43617021276595747,0.31386861313868614,1.0
2020_04_19_lrc_ovr_linear_alpha_iter_3000_alpha_init=0.0001_classifer_dict_pickle_7.file,3000,0.0001,7,0.43617021276595747,0.31386861313868614,1.0
2020_04_19_lrc_ovr_linear_alpha_iter_3000_alpha_init=0.0001_classifer_dict_pickle_8.file,3000,0.0001,8,0.43617021276595747,0.31386861313868614,1.0
2020_04_19_lrc_ovr_linear_alpha_iter_3000_alpha_init=0.0001_classifer_dict_pickle_9.file,3000,0.0001,9,0.43617021276595747,0.31386861313868614,1.0
2020_04_19_lrc_ovr_linear_alpha_iter_3000_alpha_init=1e-05_classifer_dict_pickle_0.file,3000,1e-05,0,0.43617021276595747,0.31386861313868614,1.0
2020_04_19_lrc_ovr_linear_alpha_iter_3000_alpha_init=1e-05_classifer_dict_pickle_1.file,3000,1e-05,1,0.43617021276595747,0.31386861313868614,1.0
2020_04_19_lrc_ovr_linear_alpha_iter_3000_alpha_init=1e-05_classifer_dict_pickle_2.file,3000,1e-05,2,0.43617021276595747,0.31386861313868614,1.0
2020_04_19_lrc_ovr_linear_alpha_iter_3000_alpha_init=1e-05_classifer_dict_pickle_3.file,3000,1e-05,3,0.43617021276595747,0.31386861313868614,1.0
2020_04_19_lrc_ovr_linear_alpha_iter_3000_alpha_init=1e-05_classifer_dict_pickle_4.file,3000,1e-05,4,0.43617021276595747,0.31386861313868614,1.0
2020_04_19_lrc_ovr_linear_alpha_iter_3000_alpha_init=1e-05_classifer_dict_pickle_5.file,3000,1e-05,5,0.43617021276595747,0.31386861313868614,1.0
2020_04_19_lrc_ovr_linear_alpha_iter_3000_alpha_init=1e-05_classifer_dict_pickle_6.file,3000,1e-05,6,0.43617021276595747,0.31386861313868614,1.0
2020_04_19_lrc_ovr_linear_alpha_iter_3000_alpha_init=1e-05_classifer_dict_pickle_7.file,3000,1e-05,7,0.43617021276595747,0.31386861313868614,1.0
2020_04_19_lrc_ovr_linear_alpha_iter_3000_alpha_init=1e-05_classifer_dict_pickle_8.file,3000,1e-05,8,0.43617021276595747,0.31386861313868614,1.0
2020_04_19_lrc_ovr_linear_alpha_iter_3000_alpha_init=1e-05_classifer_dict_pickle_9.file,3000,1e-05,9,0.43617021276595747,0.31386861313868614,1.0
2020_04_19_lrc_ovr_linear_alpha_iter_5000_alpha_init=1.0_classifer_dict_pickle_0.file,5000,1.0,0,0.43617021276595747,0.32337362488116256,0.851063829787234
2020_04_19_lrc_ovr_linear_alpha_iter_5000_alpha_init=1.0_classifer_dict_pickle_1.file,5000,1.0,1,0.43617021276595747,0.32337362488116256,0.851063829787234
2020_04_19_lrc_ovr_linear_alpha_iter_5000_alpha_init=1.0_classifer_dict_pickle_2.file,5000,1.0,2,0.44680851063829785,0.33433201688683095,0.851063829787234
2020_04_19_lrc_ovr_linear_alpha_iter_5000_alpha_init=1.0_classifer_dict_pickle_3.file,5000,1.0,3,0.44680851063829785,0.3346038660495508,0.851063829787234
2020_04_19_lrc_ovr_linear_alpha_iter_5000_alpha_init=1.0_classifer_dict_pickle_4.file,5000,1.0,4,0.43617021276595747,0.32493224932249326,0.851063829787234
2020_04_19_lrc_ovr_linear_alpha_iter_5000_alpha_init=1.0_classifer_dict_pickle_5.file,5000,1.0,5,0.44680851063829785,0.3346038660495508,0.8617021276595744
2020_04_19_lrc_ovr_linear_alpha_iter_5000_alpha_init=1.0_classifer_dict_pickle_6.file,5000,1.0,6,0.43617021276595747,0.3238327904451683,0.851063829787234
2020_04_19_lrc_ovr_linear_alpha_iter_5000_alpha_init=1.0_classifer_dict_pickle_7.file,5000,1.0,7,0.44680851063829785,0.3346038660495508,0.8617021276595744
2020_04_19_lrc_ovr_linear_alpha_iter_5000_alpha_init=1.0_classifer_dict_pickle_8.file,5000,1.0,8,0.44680851063829785,0.3346038660495508,0.8617021276595744
2020_04_19_lrc_ovr_linear_alpha_iter_5000_alpha_init=1.0_classifer_dict_pickle_9.file,5000,1.0,9,0.44680851063829785,0.3346038660495508,0.851063829787234
2020_04_19_lrc_ovr_linear_alpha_iter_5000_alpha_init=0.1_classifer_dict_pickle_0.file,5000,0.1,0,0.43617021276595747,0.3180013689253936,0.8829787234042553
2020_04_19_lrc_ovr_linear_alpha_iter_5000_alpha_init=0.1_classifer_dict_pickle_1.file,5000,0.1,1,0.44680851063829785,0.32607197021921963,0.8723404255319149
2020_04_19_lrc_ovr_linear_alpha_iter_5000_alpha_init=0.1_classifer_dict_pickle_2.file,5000,0.1,2,0.4574468085106383,0.3433776195041775,0.8617021276595744
2020_04_19_lrc_ovr_linear_alpha_iter_5000_alpha_init=0.1_classifer_dict_pickle_3.file,5000,0.1,3,0.44680851063829785,0.3283869194833745,0.8297872340425532
2020_04_19_lrc_ovr_linear_alpha_iter_5000_alpha_init=0.1_classifer_dict_pickle_4.file,5000,0.1,4,0.44680851063829785,0.32635060639470787,0.8617021276595744
2020_04_19_lrc_ovr_linear_alpha_iter_5000_alpha_init=0.1_classifer_dict_pickle_5.file,5000,0.1,5,0.4574468085106383,0.3422063666300768,0.8723404255319149
2020_04_19_lrc_ovr_linear_alpha_iter_5000_alpha_init=0.1_classifer_dict_pickle_6.file,5000,0.1,6,0.43617021276595747,0.3191198578652454,0.8723404255319149
2020_04_19_lrc_ovr_linear_alpha_iter_5000_alpha_init=0.1_classifer_dict_pickle_7.file,5000,0.1,7,0.44680851063829785,0.3283869194833745,0.851063829787234
2020_04_19_lrc_ovr_linear_alpha_iter_5000_alpha_init=0.1_classifer_dict_pickle_8.file,5000,0.1,8,0.43617021276595747,0.3155653249072675,0.8404255319148937
2020_04_19_lrc_ovr_linear_alpha_iter_5000_alpha_init=0.1_classifer_dict_pickle_9.file,5000,0.1,9,0.425531914893617,0.30797546012269944,0.851063829787234
2020_04_19_lrc_ovr_linear_alpha_iter_5000_alpha_init=0.01_classifer_dict_pickle_0.file,5000,0.01,0,0.39361702127659576,0.2643141562542908,0.8404255319148937
2020_04_19_lrc_ovr_linear_alpha_iter_5000_alpha_init=0.01_classifer_dict_pickle_1.file,5000,0.01,1,0.425531914893617,0.3022680412371134,0.8404255319148937
2020_04_19_lrc_ovr_linear_alpha_iter_5000_alpha_init=0.01_classifer_dict_pickle_2.file,5000,0.01,2,0.4148936170212766,0.2851216814159292,0.7978723404255319
2020_04_19_lrc_ovr_linear_alpha_iter_5000_alpha_init=0.01_classifer_dict_pickle_3.file,5000,0.01,3,0.425531914893617,0.3011152416356877,0.8191489361702128
2020_04_19_lrc_ovr_linear_alpha_iter_5000_alpha_init=0.01_classifer_dict_pickle_4.file,5000,0.01,4,0.43617021276595747,0.319863481228669,0.8085106382978723
2020_04_19_lrc_ovr_linear_alpha_iter_5000_alpha_init=0.01_classifer_dict_pickle_5.file,5000,0.01,5,0.40425531914893614,0.282442748091603,0.8085106382978723
2020_04_19_lrc_ovr_linear_alpha_iter_5000_alpha_init=0.01_classifer_dict_pickle_6.file,5000,0.01,6,0.43617021276595747,0.3174407453075764,0.8085106382978723
2020_04_19_lrc_ovr_linear_alpha_iter_5000_alpha_init=0.01_classifer_dict_pickle_7.file,5000,0.01,7,0.3723404255319149,0.23513998069231828,0.8085106382978723
2020_04_19_lrc_ovr_linear_alpha_iter_5000_alpha_init=0.01_classifer_dict_pickle_8.file,5000,0.01,8,0.39361702127659576,0.2643141562542908,0.7872340425531915
2020_04_19_lrc_ovr_linear_alpha_iter_5000_alpha_init=0.01_classifer_dict_pickle_9.file,5000,0.01,9,0.4148936170212766,0.28836889194769444,0.8191489361702128
2020_04_19_lrc_ovr_linear_alpha_iter_5000_alpha_init=0.001_classifer_dict_pickle_0.file,5000,0.001,0,0.43617021276595747,0.2929321600908317,0.7021276595744681
2020_04_19_lrc_ovr_linear_alpha_iter_5000_alpha_init=0.001_classifer_dict_pickle_1.file,5000,0.001,1,0.4574468085106383,0.32602277520033746,0.7021276595744681
2020_04_19_lrc_ovr_linear_alpha_iter_5000_alpha_init=0.001_classifer_dict_pickle_2.file,5000,0.001,2,0.44680851063829785,0.30051516886090435,0.6276595744680851
2020_04_19_lrc_ovr_linear_alpha_iter_5000_alpha_init=0.001_classifer_dict_pickle_3.file,5000,0.001,3,0.425531914893617,0.28081609521110795,0.6808510638297872
2020_04_19_lrc_ovr_linear_alpha_iter_5000_alpha_init=0.001_classifer_dict_pickle_4.file,5000,0.001,4,0.4787234042553192,0.34518055160648287,0.6382978723404256
2020_04_19_lrc_ovr_linear_alpha_iter_5000_alpha_init=0.001_classifer_dict_pickle_5.file,5000,0.001,5,0.4787234042553192,0.35071891739498173,0.6808510638297872
2020_04_19_lrc_ovr_linear_alpha_iter_5000_alpha_init=0.001_classifer_dict_pickle_6.file,5000,0.001,6,0.4574468085106383,0.3199035324159455,0.7021276595744681
2020_04_19_lrc_ovr_linear_alpha_iter_5000_alpha_init=0.001_classifer_dict_pickle_7.file,5000,0.001,7,0.46808510638297873,0.33465458663646663,0.6702127659574468
2020_04_19_lrc_ovr_linear_alpha_iter_5000_alpha_init=0.001_classifer_dict_pickle_8.file,5000,0.001,8,0.4148936170212766,0.26121749071163186,0.6702127659574468
2020_04_19_lrc_ovr_linear_alpha_iter_5000_alpha_init=0.001_classifer_dict_pickle_9.file,5000,0.001,9,0.44680851063829785,0.31415742949347547,0.6914893617021277
2020_04_19_lrc_ovr_linear_alpha_iter_5000_alpha_init=0.0001_classifer_dict_pickle_0.file,5000,0.0001,0,0.43617021276595747,0.31386861313868614,1.0
2020_04_19_lrc_ovr_linear_alpha_iter_5000_alpha_init=0.0001_classifer_dict_pickle_1.file,5000,0.0001,1,0.43617021276595747,0.31386861313868614,1.0
2020_04_19_lrc_ovr_linear_alpha_iter_5000_alpha_init=0.0001_classifer_dict_pickle_2.file,5000,0.0001,2,0.43617021276595747,0.31386861313868614,1.0
2020_04_19_lrc_ovr_linear_alpha_iter_5000_alpha_init=0.0001_classifer_dict_pickle_3.file,5000,0.0001,3,0.43617021276595747,0.31386861313868614,1.0
2020_04_19_lrc_ovr_linear_alpha_iter_5000_alpha_init=0.0001_classifer_dict_pickle_4.file,5000,0.0001,4,0.43617021276595747,0.31386861313868614,1.0
2020_04_19_lrc_ovr_linear_alpha_iter_5000_alpha_init=0.0001_classifer_dict_pickle_5.file,5000,0.0001,5,0.43617021276595747,0.31386861313868614,1.0
2020_04_19_lrc_ovr_linear_alpha_iter_5000_alpha_init=0.0001_classifer_dict_pickle_6.file,5000,0.0001,6,0.43617021276595747,0.31386861313868614,1.0
2020_04_19_lrc_ovr_linear_alpha_iter_5000_alpha_init=0.0001_classifer_dict_pickle_7.file,5000,0.0001,7,0.43617021276595747,0.31386861313868614,1.0
2020_04_19_lrc_ovr_linear_alpha_iter_5000_alpha_init=0.0001_classifer_dict_pickle_8.file,5000,0.0001,8,0.43617021276595747,0.31386861313868614,1.0
2020_04_19_lrc_ovr_linear_alpha_iter_5000_alpha_init=0.0001_classifer_dict_pickle_9.file,5000,0.0001,9,0.43617021276595747,0.31386861313868614,1.0
2020_04_19_lrc_ovr_linear_alpha_iter_5000_alpha_init=1e-05_classifer_dict_pickle_0.file,5000,1e-05,0,0.43617021276595747,0.31386861313868614,1.0
2020_04_19_lrc_ovr_linear_alpha_iter_5000_alpha_init=1e-05_classifer_dict_pickle_1.file,5000,1e-05,1,0.43617021276595747,0.31386861313868614,1.0
2020_04_19_lrc_ovr_linear_alpha_iter_5000_alpha_init=1e-05_classifer_dict_pickle_2.file,5000,1e-05,2,0.43617021276595747,0.31386861313868614,1.0
2020_04_19_lrc_ovr_linear_alpha_iter_5000_alpha_init=1e-05_classifer_dict_pickle_3.file,5000,1e-05,3,0.43617021276595747,0.31386861313868614,1.0
2020_04_19_lrc_ovr_linear_alpha_iter_5000_alpha_init=1e-05_classifer_dict_pickle_4.file,5000,1e-05,4,0.43617021276595747,0.31386861313868614,1.0
2020_04_19_lrc_ovr_linear_alpha_iter_5000_alpha_init=1e-05_classifer_dict_pickle_5.file,5000,1e-05,5,0.43617021276595747,0.31386861313868614,1.0
2020_04_19_lrc_ovr_linear_alpha_iter_5000_alpha_init=1e-05_classifer_dict_pickle_6.file,5000,1e-05,6,0.43617021276595747,0.31386861313868614,1.0
2020_04_19_lrc_ovr_linear_alpha_iter_5000_alpha_init=1e-05_classifer_dict_pickle_7.file,5000,1e-05,7,0.43617021276595747,0.31386861313868614,1.0
2020_04_19_lrc_ovr_linear_alpha_iter_5000_alpha_init=1e-05_classifer_dict_pickle_8.file,5000,1e-05,8,0.43617021276595747,0.31386861313868614,1.0
2020_04_19_lrc_ovr_linear_alpha_iter_5000_alpha_init=1e-05_classifer_dict_pickle_9.file,5000,1e-05,9,0.43617021276595747,0.31386861313868614,1.0
2020_04_19_lrc_ovr_linear_alpha_iter_7000_alpha_init=1.0_classifer_dict_pickle_0.file,7000,1.0,0,0.43617021276595747,0.32291383528132644,0.8404255319148937
2020_04_19_lrc_ovr_linear_alpha_iter_7000_alpha_init=1.0_classifer_dict_pickle_1.file,7000,1.0,1,0.43617021276595747,0.32134586568587387,0.8297872340425532
2020_04_19_lrc_ovr_linear_alpha_iter_7000_alpha_init=1.0_classifer_dict_pickle_2.file,7000,1.0,2,0.43617021276595747,0.32134586568587387,0.8404255319148937
2020_04_19_lrc_ovr_linear_alpha_iter_7000_alpha_init=1.0_classifer_dict_pickle_3.file,7000,1.0,3,0.44680851063829785,0.3346038660495508,0.851063829787234
2020_04_19_lrc_ovr_linear_alpha_iter_7000_alpha_init=1.0_classifer_dict_pickle_4.file,7000,1.0,4,0.44680851063829785,0.3346038660495508,0.8404255319148937
2020_04_19_lrc_ovr_linear_alpha_iter_7000_alpha_init=1.0_classifer_dict_pickle_5.file,7000,1.0,5,0.43617021276595747,0.32291383528132644,0.8404255319148937
2020_04_19_lrc_ovr_linear_alpha_iter_7000_alpha_init=1.0_classifer_dict_pickle_6.file,7000,1.0,6,0.43617021276595747,0.32291383528132644,0.8297872340425532
2020_04_19_lrc_ovr_linear_alpha_iter_7000_alpha_init=1.0_classifer_dict_pickle_7.file,7000,1.0,7,0.43617021276595747,0.32134586568587387,0.8297872340425532
2020_04_19_lrc_ovr_linear_alpha_iter_7000_alpha_init=1.0_classifer_dict_pickle_8.file,7000,1.0,8,0.44680851063829785,0.3346038660495508,0.851063829787234
2020_04_19_lrc_ovr_linear_alpha_iter_7000_alpha_init=1.0_classifer_dict_pickle_9.file,7000,1.0,9,0.43617021276595747,0.32134586568587387,0.8404255319148937
2020_04_19_lrc_ovr_linear_alpha_iter_7000_alpha_init=0.1_classifer_dict_pickle_0.file,7000,0.1,0,0.44680851063829785,0.3338784409920959,0.8297872340425532
2020_04_19_lrc_ovr_linear_alpha_iter_7000_alpha_init=0.1_classifer_dict_pickle_1.file,7000,0.1,1,0.4574468085106383,0.34184514003294897,0.8723404255319149
2020_04_19_lrc_ovr_linear_alpha_iter_7000_alpha_init=0.1_classifer_dict_pickle_2.file,7000,0.1,2,0.46808510638297873,0.35774801858431265,0.8617021276595744
2020_04_19_lrc_ovr_linear_alpha_iter_7000_alpha_init=0.1_classifer_dict_pickle_3.file,7000,0.1,3,0.4574468085106383,0.34310770073992874,0.851063829787234
2020_04_19_lrc_ovr_linear_alpha_iter_7000_alpha_init=0.1_classifer_dict_pickle_4.file,7000,0.1,4,0.4574468085106383,0.3451714246687611,0.8617021276595744
2020_04_19_lrc_ovr_linear_alpha_iter_7000_alpha_init=0.1_classifer_dict_pickle_5.file,7000,0.1,5,0.46808510638297873,0.3562525681413505,0.8723404255319149
2020_04_19_lrc_ovr_linear_alpha_iter_7000_alpha_init=0.1_classifer_dict_pickle_6.file,7000,0.1,6,0.44680851063829785,0.332605133806663,0.8404255319148937
2020_04_19_lrc_ovr_linear_alpha_iter_7000_alpha_init=0.1_classifer_dict_pickle_7.file,7000,0.1,7,0.46808510638297873,0.3577480185843127,0.8723404255319149
2020_04_19_lrc_ovr_linear_alpha_iter_7000_alpha_init=0.1_classifer_dict_pickle_8.file,7000,0.1,8,0.44680851063829785,0.3327873327873328,0.8404255319148937
2020_04_19_lrc_ovr_linear_alpha_iter_7000_alpha_init=0.1_classifer_dict_pickle_9.file,7000,0.1,9,0.43617021276595747,0.3168791992321404,0.8404255319148937
2020_04_19_lrc_ovr_linear_alpha_iter_7000_alpha_init=0.01_classifer_dict_pickle_0.file,7000,0.01,0,0.43617021276595747,0.31828133552271487,0.8297872340425532
2020_04_19_lrc_ovr_linear_alpha_iter_7000_alpha_init=0.01_classifer_dict_pickle_1.file,7000,0.01,1,0.40425531914893614,0.27791495198902605,0.8191489361702128
2020_04_19_lrc_ovr_linear_alpha_iter_7000_alpha_init=0.01_classifer_dict_pickle_2.file,7000,0.01,2,0.43617021276595747,0.31669181182279527,0.8191489361702128
2020_04_19_lrc_ovr_linear_alpha_iter_7000_alpha_init=0.01_classifer_dict_pickle_3.file,7000,0.01,3,0.44680851063829785,0.3264434339258646,0.8617021276595744
2020_04_19_lrc_ovr_linear_alpha_iter_7000_alpha_init=0.01_classifer_dict_pickle_4.file,7000,0.01,4,0.43617021276595747,0.3126379690949228,0.8617021276595744
2020_04_19_lrc_ovr_linear_alpha_iter_7000_alpha_init=0.01_classifer_dict_pickle_5.file,7000,0.01,5,0.4148936170212766,0.28905390539053905,0.8723404255319149
2020_04_19_lrc_ovr_linear_alpha_iter_7000_alpha_init=0.01_classifer_dict_pickle_6.file,7000,0.01,6,0.425531914893617,0.30513347022587267,0.8085106382978723
2020_04_19_lrc_ovr_linear_alpha_iter_7000_alpha_init=0.01_classifer_dict_pickle_7.file,7000,0.01,7,0.425531914893617,0.30159603742432584,0.851063829787234
2020_04_19_lrc_ovr_linear_alpha_iter_7000_alpha_init=0.01_classifer_dict_pickle_8.file,7000,0.01,8,0.40425531914893614,0.27840986977381765,0.8191489361702128
2020_04_19_lrc_ovr_linear_alpha_iter_7000_alpha_init=0.01_classifer_dict_pickle_9.file,7000,0.01,9,0.39361702127659576,0.26723194748358864,0.851063829787234
2020_04_19_lrc_ovr_linear_alpha_iter_7000_alpha_init=0.001_classifer_dict_pickle_0.file,7000,0.001,0,0.43617021276595747,0.2841954022988506,0.5957446808510638
2020_04_19_lrc_ovr_linear_alpha_iter_7000_alpha_init=0.001_classifer_dict_pickle_1.file,7000,0.001,1,0.44680851063829785,0.30656830756135617,0.6702127659574468
2020_04_19_lrc_ovr_linear_alpha_iter_7000_alpha_init=0.001_classifer_dict_pickle_2.file,7000,0.001,2,0.43617021276595747,0.2891996005136253,0.6063829787234043
2020_04_19_lrc_ovr_linear_alpha_iter_7000_alpha_init=0.001_classifer_dict_pickle_3.file,7000,0.001,3,0.44680851063829785,0.3043973246050946,0.6595744680851063
2020_04_19_lrc_ovr_linear_alpha_iter_7000_alpha_init=0.001_classifer_dict_pickle_4.file,7000,0.001,4,0.4787234042553192,0.3342968637086284,0.6170212765957447
2020_04_19_lrc_ovr_linear_alpha_iter_7000_alpha_init=0.001_classifer_dict_pickle_5.file,7000,0.001,5,0.4574468085106383,0.31160252728317056,0.6276595744680851
2020_04_19_lrc_ovr_linear_alpha_iter_7000_alpha_init=0.001_classifer_dict_pickle_6.file,7000,0.001,6,0.4574468085106383,0.31011656353432143,0.574468085106383
2020_04_19_lrc_ovr_linear_alpha_iter_7000_alpha_init=0.001_classifer_dict_pickle_7.file,7000,0.001,7,0.4574468085106383,0.3149471277507859,0.6808510638297872
2020_04_19_lrc_ovr_linear_alpha_iter_7000_alpha_init=0.001_classifer_dict_pickle_8.file,7000,0.001,8,0.43617021276595747,0.28665521191294385,0.574468085106383
2020_04_19_lrc_ovr_linear_alpha_iter_7000_alpha_init=0.001_classifer_dict_pickle_9.file,7000,0.001,9,0.4787234042553192,0.3448079658605974,0.6808510638297872
2020_04_19_lrc_ovr_linear_alpha_iter_7000_alpha_init=0.0001_classifer_dict_pickle_0.file,7000,0.0001,0,0.43617021276595747,0.31386861313868614,1.0
2020_04_19_lrc_ovr_linear_alpha_iter_7000_alpha_init=0.0001_classifer_dict_pickle_1.file,7000,0.0001,1,0.43617021276595747,0.31386861313868614,1.0
2020_04_19_lrc_ovr_linear_alpha_iter_7000_alpha_init=0.0001_classifer_dict_pickle_2.file,7000,0.0001,2,0.43617021276595747,0.31386861313868614,1.0
2020_04_19_lrc_ovr_linear_alpha_iter_7000_alpha_init=0.0001_classifer_dict_pickle_3.file,7000,0.0001,3,0.43617021276595747,0.31386861313868614,1.0
2020_04_19_lrc_ovr_linear_alpha_iter_7000_alpha_init=0.0001_classifer_dict_pickle_4.file,7000,0.0001,4,0.43617021276595747,0.31386861313868614,1.0
2020_04_19_lrc_ovr_linear_alpha_iter_7000_alpha_init=0.0001_classifer_dict_pickle_5.file,7000,0.0001,5,0.43617021276595747,0.31386861313868614,1.0
2020_04_19_lrc_ovr_linear_alpha_iter_7000_alpha_init=0.0001_classifer_dict_pickle_6.file,7000,0.0001,6,0.43617021276595747,0.31386861313868614,1.0
2020_04_19_lrc_ovr_linear_alpha_iter_7000_alpha_init=0.0001_classifer_dict_pickle_7.file,7000,0.0001,7,0.43617021276595747,0.31386861313868614,1.0
2020_04_19_lrc_ovr_linear_alpha_iter_7000_alpha_init=0.0001_classifer_dict_pickle_8.file,7000,0.0001,8,0.43617021276595747,0.31386861313868614,1.0
2020_04_19_lrc_ovr_linear_alpha_iter_7000_alpha_init=0.0001_classifer_dict_pickle_9.file,7000,0.0001,9,0.43617021276595747,0.31386861313868614,1.0
