2020_04_18_lrc_ovr_linear_alpha_iter_1000_alpha_init=1.0_classifer_dict_pickle_0.file,1000,1.0,0,0.44680851063829785,0.3372203389830508,0.8617021276595744
2020_04_18_lrc_ovr_linear_alpha_iter_1000_alpha_init=1.0_classifer_dict_pickle_1.file,1000,1.0,1,0.4574468085106383,0.3479325353645266,0.8936170212765957
2020_04_18_lrc_ovr_linear_alpha_iter_1000_alpha_init=1.0_classifer_dict_pickle_2.file,1000,1.0,2,0.4574468085106383,0.3468664850136239,0.8936170212765957
2020_04_18_lrc_ovr_linear_alpha_iter_1000_alpha_init=1.0_classifer_dict_pickle_3.file,1000,1.0,3,0.44680851063829785,0.3359597880722727,0.851063829787234
2020_04_18_lrc_ovr_linear_alpha_iter_1000_alpha_init=1.0_classifer_dict_pickle_4.file,1000,1.0,4,0.4574468085106383,0.348464256591465,0.851063829787234
2020_04_18_lrc_ovr_linear_alpha_iter_1000_alpha_init=1.0_classifer_dict_pickle_5.file,1000,1.0,5,0.44680851063829785,0.3346038660495508,0.8617021276595744
2020_04_18_lrc_ovr_linear_alpha_iter_1000_alpha_init=1.0_classifer_dict_pickle_6.file,1000,1.0,6,0.4574468085106383,0.3479325353645266,0.8617021276595744
2020_04_18_lrc_ovr_linear_alpha_iter_1000_alpha_init=1.0_classifer_dict_pickle_7.file,1000,1.0,7,0.4574468085106383,0.348729792147806,0.8404255319148937
2020_04_18_lrc_ovr_linear_alpha_iter_1000_alpha_init=1.0_classifer_dict_pickle_8.file,1000,1.0,8,0.4574468085106383,0.3476663491631514,0.851063829787234
2020_04_18_lrc_ovr_linear_alpha_iter_1000_alpha_init=1.0_classifer_dict_pickle_9.file,1000,1.0,9,0.46808510638297873,0.3610657966286025,0.851063829787234
2020_04_18_lrc_ovr_linear_alpha_iter_1000_alpha_init=0.1_classifer_dict_pickle_0.file,1000,0.1,0,0.4574468085106383,0.34094033544129787,0.851063829787234
2020_04_18_lrc_ovr_linear_alpha_iter_1000_alpha_init=0.1_classifer_dict_pickle_1.file,1000,0.1,1,0.425531914893617,0.30265146311306496,0.851063829787234
2020_04_18_lrc_ovr_linear_alpha_iter_1000_alpha_init=0.1_classifer_dict_pickle_2.file,1000,0.1,2,0.425531914893617,0.30005515719801434,0.8829787234042553
2020_04_18_lrc_ovr_linear_alpha_iter_1000_alpha_init=0.1_classifer_dict_pickle_3.file,1000,0.1,3,0.4148936170212766,0.2899327015519846,0.8297872340425532
2020_04_18_lrc_ovr_linear_alpha_iter_1000_alpha_init=0.1_classifer_dict_pickle_4.file,1000,0.1,4,0.4148936170212766,0.292749658002736,0.8297872340425532
2020_04_18_lrc_ovr_linear_alpha_iter_1000_alpha_init=0.1_classifer_dict_pickle_5.file,1000,0.1,5,0.43617021276595747,0.3153772158856672,0.8191489361702128
2020_04_18_lrc_ovr_linear_alpha_iter_1000_alpha_init=0.1_classifer_dict_pickle_6.file,1000,0.1,6,0.425531914893617,0.3034170440510498,0.8085106382978723
2020_04_18_lrc_ovr_linear_alpha_iter_1000_alpha_init=0.1_classifer_dict_pickle_7.file,1000,0.1,7,0.425531914893617,0.3036081767046234,0.8297872340425532
2020_04_18_lrc_ovr_linear_alpha_iter_1000_alpha_init=0.1_classifer_dict_pickle_8.file,1000,0.1,8,0.40425531914893614,0.2806777808144301,0.8617021276595744
2020_04_18_lrc_ovr_linear_alpha_iter_1000_alpha_init=0.1_classifer_dict_pickle_9.file,1000,0.1,9,0.425531914893617,0.3037037037037037,0.8617021276595744
2020_04_18_lrc_ovr_linear_alpha_iter_1000_alpha_init=0.01_classifer_dict_pickle_0.file,1000,0.01,0,0.425531914893617,0.2741312741312741,0.648936170212766
2020_04_18_lrc_ovr_linear_alpha_iter_1000_alpha_init=0.01_classifer_dict_pickle_1.file,1000,0.01,1,0.4574468085106383,0.31278669724770647,0.6276595744680851
2020_04_18_lrc_ovr_linear_alpha_iter_1000_alpha_init=0.01_classifer_dict_pickle_2.file,1000,0.01,2,0.4574468085106383,0.3133772558006302,0.6382978723404256
2020_04_18_lrc_ovr_linear_alpha_iter_1000_alpha_init=0.01_classifer_dict_pickle_3.file,1000,0.01,3,0.44680851063829785,0.3080407701019252,0.5957446808510638
2020_04_18_lrc_ovr_linear_alpha_iter_1000_alpha_init=0.01_classifer_dict_pickle_4.file,1000,0.01,4,0.46808510638297873,0.33143669985775254,0.7127659574468085
2020_04_18_lrc_ovr_linear_alpha_iter_1000_alpha_init=0.01_classifer_dict_pickle_5.file,1000,0.01,5,0.48936170212765956,0.35432169433314253,0.6170212765957447
2020_04_18_lrc_ovr_linear_alpha_iter_1000_alpha_init=0.01_classifer_dict_pickle_6.file,1000,0.01,6,0.44680851063829785,0.29810453762205624,0.648936170212766
2020_04_18_lrc_ovr_linear_alpha_iter_1000_alpha_init=0.01_classifer_dict_pickle_7.file,1000,0.01,7,0.3829787234042553,0.223472439823387,0.6063829787234043
2020_04_18_lrc_ovr_linear_alpha_iter_1000_alpha_init=0.01_classifer_dict_pickle_8.file,1000,0.01,8,0.4574468085106383,0.31543624161073824,0.648936170212766
2020_04_18_lrc_ovr_linear_alpha_iter_1000_alpha_init=0.01_classifer_dict_pickle_9.file,1000,0.01,9,0.4148936170212766,0.2664585698070374,0.6595744680851063
2020_04_18_lrc_ovr_linear_alpha_iter_1000_alpha_init=0.001_classifer_dict_pickle_0.file,1000,0.001,0,0.43617021276595747,0.31386861313868614,1.0
2020_04_18_lrc_ovr_linear_alpha_iter_1000_alpha_init=0.001_classifer_dict_pickle_1.file,1000,0.001,1,0.43617021276595747,0.31386861313868614,1.0
2020_04_18_lrc_ovr_linear_alpha_iter_1000_alpha_init=0.001_classifer_dict_pickle_2.file,1000,0.001,2,0.43617021276595747,0.31386861313868614,1.0
2020_04_18_lrc_ovr_linear_alpha_iter_1000_alpha_init=0.001_classifer_dict_pickle_3.file,1000,0.001,3,0.43617021276595747,0.31386861313868614,1.0
2020_04_18_lrc_ovr_linear_alpha_iter_1000_alpha_init=0.001_classifer_dict_pickle_4.file,1000,0.001,4,0.43617021276595747,0.31386861313868614,1.0
2020_04_18_lrc_ovr_linear_alpha_iter_1000_alpha_init=0.001_classifer_dict_pickle_5.file,1000,0.001,5,0.43617021276595747,0.31386861313868614,1.0
2020_04_18_lrc_ovr_linear_alpha_iter_1000_alpha_init=0.001_classifer_dict_pickle_6.file,1000,0.001,6,0.43617021276595747,0.31386861313868614,1.0
2020_04_18_lrc_ovr_linear_alpha_iter_1000_alpha_init=0.001_classifer_dict_pickle_7.file,1000,0.001,7,0.43617021276595747,0.31386861313868614,1.0
2020_04_18_lrc_ovr_linear_alpha_iter_1000_alpha_init=0.001_classifer_dict_pickle_8.file,1000,0.001,8,0.43617021276595747,0.31386861313868614,1.0
2020_04_18_lrc_ovr_linear_alpha_iter_1000_alpha_init=0.001_classifer_dict_pickle_9.file,1000,0.001,9,0.43617021276595747,0.31386861313868614,1.0
2020_04_18_lrc_ovr_linear_alpha_iter_1000_alpha_init=0.0001_classifer_dict_pickle_0.file,1000,0.0001,0,0.43617021276595747,0.31386861313868614,1.0
2020_04_18_lrc_ovr_linear_alpha_iter_1000_alpha_init=0.0001_classifer_dict_pickle_1.file,1000,0.0001,1,0.43617021276595747,0.31386861313868614,1.0
2020_04_18_lrc_ovr_linear_alpha_iter_1000_alpha_init=0.0001_classifer_dict_pickle_2.file,1000,0.0001,2,0.43617021276595747,0.31386861313868614,1.0
2020_04_18_lrc_ovr_linear_alpha_iter_1000_alpha_init=0.0001_classifer_dict_pickle_3.file,1000,0.0001,3,0.43617021276595747,0.31386861313868614,1.0
2020_04_18_lrc_ovr_linear_alpha_iter_1000_alpha_init=0.0001_classifer_dict_pickle_4.file,1000,0.0001,4,0.43617021276595747,0.31386861313868614,1.0
2020_04_18_lrc_ovr_linear_alpha_iter_1000_alpha_init=0.0001_classifer_dict_pickle_5.file,1000,0.0001,5,0.43617021276595747,0.31386861313868614,1.0
2020_04_18_lrc_ovr_linear_alpha_iter_1000_alpha_init=0.0001_classifer_dict_pickle_6.file,1000,0.0001,6,0.43617021276595747,0.31386861313868614,1.0
2020_04_18_lrc_ovr_linear_alpha_iter_1000_alpha_init=0.0001_classifer_dict_pickle_7.file,1000,0.0001,7,0.43617021276595747,0.31386861313868614,1.0
2020_04_18_lrc_ovr_linear_alpha_iter_1000_alpha_init=0.0001_classifer_dict_pickle_8.file,1000,0.0001,8,0.43617021276595747,0.31386861313868614,1.0
2020_04_18_lrc_ovr_linear_alpha_iter_1000_alpha_init=0.0001_classifer_dict_pickle_9.file,1000,0.0001,9,0.43617021276595747,0.31386861313868614,1.0
2020_04_18_lrc_ovr_linear_alpha_iter_1000_alpha_init=1e-05_classifer_dict_pickle_0.file,1000,1e-05,0,0.43617021276595747,0.31386861313868614,1.0
2020_04_18_lrc_ovr_linear_alpha_iter_1000_alpha_init=1e-05_classifer_dict_pickle_1.file,1000,1e-05,1,0.43617021276595747,0.31386861313868614,1.0
2020_04_18_lrc_ovr_linear_alpha_iter_1000_alpha_init=1e-05_classifer_dict_pickle_2.file,1000,1e-05,2,0.43617021276595747,0.31386861313868614,1.0
2020_04_18_lrc_ovr_linear_alpha_iter_1000_alpha_init=1e-05_classifer_dict_pickle_3.file,1000,1e-05,3,0.43617021276595747,0.31386861313868614,1.0
2020_04_18_lrc_ovr_linear_alpha_iter_1000_alpha_init=1e-05_classifer_dict_pickle_4.file,1000,1e-05,4,0.43617021276595747,0.31386861313868614,1.0
2020_04_18_lrc_ovr_linear_alpha_iter_1000_alpha_init=1e-05_classifer_dict_pickle_5.file,1000,1e-05,5,0.43617021276595747,0.31386861313868614,1.0
2020_04_18_lrc_ovr_linear_alpha_iter_1000_alpha_init=1e-05_classifer_dict_pickle_6.file,1000,1e-05,6,0.43617021276595747,0.31386861313868614,1.0
2020_04_18_lrc_ovr_linear_alpha_iter_1000_alpha_init=1e-05_classifer_dict_pickle_7.file,1000,1e-05,7,0.43617021276595747,0.31386861313868614,1.0
2020_04_18_lrc_ovr_linear_alpha_iter_1000_alpha_init=1e-05_classifer_dict_pickle_8.file,1000,1e-05,8,0.43617021276595747,0.31386861313868614,1.0
2020_04_18_lrc_ovr_linear_alpha_iter_1000_alpha_init=1e-05_classifer_dict_pickle_9.file,1000,1e-05,9,0.43617021276595747,0.31386861313868614,1.0
2020_04_18_lrc_ovr_linear_alpha_iter_3000_alpha_init=1.0_classifer_dict_pickle_0.file,3000,1.0,0,0.43617021276595747,0.32493224932249326,0.851063829787234
